1,0,0,0,-1,0,1,0,0,0,4,0,2,0,-1,0,-1,0,2,2,-1,10,0,4,400,0,9223372036800000000,1,0,10,0,0,7,0,1,1,500,0,3,1,0,0,0,0,0,0,2,0,1,-1,-1,-1,-1,0,10,-1,1,1,3,-1,-1,0,0,0,1,0,0,10,0,0,0,5.13
1,0,0,0,-1,0,1,0,0,0,3,0,2,0,-1,0,-1,0,2,2,-1,10,0,4,400,0,9223372036800000000,1,0,10,0,0,7,0,1,1,500,0,3,1,0,0,0,0,0,0,2,0,1,-1,-1,-1,-1,0,10,-1,1,1,3,-1,-1,0,0,0,1,0,0,10,0,0,0,4.9
1,0,0,0,-1,0,1,0,0,0,0,0,2,0,-1,0,-1,0,2,2,-1,10,0,4,400,0,9223372036800000000,1,0,10,0,0,7,0,1,1,500,0,3,1,0,0,0,0,0,0,2,0,1,-1,0,-1,-1,0,10,-1,1,1,3,-1,-1,0,0,0,1,0,0,10,0,0,0,2.49
1,0,0,0,-1,0,4,0,0,0,0,0,2,0,-1,0,-1,0,2,2,-1,10,0,4,400,0,9223372036800000000,1,0,10,0,0,7,0,1,1,500,0,3,1,0,0,0,0,0,0,2,0,1,-1,-1,-1,-1,0,10,-1,1,1,3,-1,-1,0,0,0,1,0,0,10,0,0,0,4.09
2,0,0,0,-1,0,1,0,0,0,0,0,2,0,-1,0,-1,0,2,2,-1,10,0,4,400,0,9223372036800000000,1,0,10,0,0,7,0,1,1,500,0,3,1,0,0,0,0,0,0,2,0,1,-1,-1,-1,-1,0,10,-1,1,1,3,-1,-1,0,0,0,1,0,0,10,0,0,0,4.85
1,0,0,0,-1,2,1,1,0,0,0,0,0,2,0,0,2,1,1,-1,2,10,0,-1,10,0,9223372036800000000,120,0,10,0,0,7,0,0,1,500,0,1,1,0,0,0,0,0,1,2,0,1,-1,-1,-1,-1,0,10,-1,1,1,3,-1,-1,5,0,0,1,0,0,10,0,0,0,21.17
1,0,0,0,-1,2,1,1,0,0,0,0,0,2,0,0,2,1,1,-1,2,10,0,-1,10,0,9223372036800000000,30,0,10,0,0,7,0,0,1,1000,0,1,1,0,0,0,0,0,1,2,0,1,-1,-1,-1,-1,0,10,-1,1,1,3,-1,-1,5,0,0,1,0,0,10,0,0,0,18
1,0,0,0,-1,2,1,1,0,0,0,0,0,2,0,0,2,1,1,-1,2,10,0,-1,800,0,9223372036800000000,120,0,10,0,0,7,0,0,1,1000,0,1,1,0,0,0,0,0,1,2,0,1,-1,-1,-1,-1,0,10,-1,1,1,3,-1,-1,5,0,0,1,0,0,10,0,0,0,29.49
0,0,0,0,-1,0,1,0,0,0,0,0,2,0,-1,0,-1,0,2,2,-1,10,0,4,400,0,9223372036800000000,1,0,10,0,0,7,0,1,1,500,0,3,1,0,0,0,0,0,0,2,0,1,-1,-1,-1,-1,0,10,-1,1,1,3,-1,-1,0,0,0,1,0,0,10,0,0,0,4.85
1,0,0,0,-1,2,1,1,0,0,0,0,0,2,0,0,2,1,1,-1,2,5,0,-1,10,0,9223372036800000000,120,0,10,0,0,7,0,0,1,1000,0,1,1,0,0,0,0,0,1,2,0,1,-1,-1,-1,-1,0,10,-1,1,1,3,-1,-1,5,0,0,1,0,0,10,0,0,0,19.84
1,0,0,0,-1,2,1,1,0,0,0,0,0,2,0,0,2,1,1,-1,2,10,0,-1,10,0,9223372036800000000,2,0,10,0,0,7,0,0,1,1000,0,1,1,0,0,0,0,0,1,2,0,1,-1,-1,-1,-1,0,10,-1,1,1,3,-1,-1,5,0,0,1,0,0,10,0,0,0,18
1,0,0,0,-1,2,1,1,0,0,0,0,0,2,0,0,2,1,1,-1,2,10,0,-1,10,0,9223372036800000000,120,0,10,0,0,7,0,0,1,1000,0,3,1,0,0,0,0,0,1,2,0,1,-1,-1,-1,-1,0,10,-1,1,1,3,-1,-1,5,0,0,1,0,0,10,0,0,0,21.14
1,0,0,0,-1,0,1,0,0,0,0,0,2,0,-1,0,-1,0,2,2,-1,10,0,4,400,0,9223372036800000000,1,0,10,0,0,7,0,1,1,500,0,3,1,0,0,0,0,0,0,2,0,1,-1,-1,-1,-1,0,10,-1,1,1,3,-1,-1,0,0,0,0,0,0,10,0,0,0,4.98
1,0,0,0,-1,2,1,1,0,0,0,0,0,2,2,0,2,1,1,-1,2,10,0,-1,10,0,9223372036800000000,120,0,10,0,0,7,0,0,1,1000,0,1,1,0,0,0,0,0,1,2,0,1,-1,-1,-1,-1,0,10,-1,1,1,3,-1,-1,5,0,0,1,0,0,10,0,0,0,18.73
1,0,0,0,-1,2,1,0,0,0,0,0,0,2,0,0,2,1,1,-1,2,10,0,-1,10,0,9223372036800000000,120,0,10,0,0,7,0,0,1,1000,0,1,1,0,0,0,0,0,1,2,0,1,-1,-1,-1,-1,0,10,-1,1,1,3,-1,-1,5,0,0,1,0,0,10,0,0,0,26.79
1,0,0,0,-1,2,1,1,0,0,0,0,0,2,0,0,2,-1,1,-1,2,10,0,-1,10,0,9223372036800000000,120,0,10,0,0,7,0,0,1,1000,0,1,1,0,0,0,0,0,1,2,0,1,-1,-1,-1,-1,0,10,-1,1,1,3,-1,-1,5,0,0,1,0,0,10,0,0,0,21.53
1,0,0,0,-1,2,1,1,0,0,0,0,0,2,0,0,2,1,1,-1,2,10,0,-1,10,0,9223372036800000000,120,0,10,0,0,7,0,0,1,40,0,1,1,0,0,0,0,0,1,2,0,1,-1,-1,-1,-1,0,10,-1,1,1,3,-1,-1,5,0,0,1,0,0,10,0,0,0,27.61
1,0,0,0,-1,2,1,1,0,0,0,0,0,2,0,0,2,1,1,-1,2,10,0,-1,10,0,9223372036800000000,120,0,10,0,0,7,0,0,1,1000,0,1,1,0,0,0,0,0,1,2,0,1,-1,-1,-1,-1,0,10,-1,1,1,3,-1,-1,2,0,0,1,0,0,10,0,0,0,18.73
1,0,0,0,-1,3,1,5,0,0,0,0,2,0,1,0,-1,2,0,2,0,10,0,16,400,0,9223372036800000000,120,0,10,0,0,7,0,2,1,40,0,1,1,0,0,0,0,0,2,2,0,1,-1,-1,-1,-1,0,10,-1,1,1,3,-1,-1,2,0,0,1,0,0,10,0,0,0,6
1,0,0,0,-1,3,1,5,0,0,0,0,2,0,1,1,-1,2,0,2,0,10,0,16,10,0,9223372036800000000,120,0,10,0,0,7,0,2,1,40,0,1,1,0,0,0,0,0,2,2,0,1,-1,-1,-1,-1,0,10,-1,1,1,3,-1,-1,2,0,0,1,0,0,10,0,0,0,6.22
1,0,0,0,-1,3,1,5,0,0,0,0,2,0,1,0,-1,2,0,2,0,10,0,16,10,0,9223372036800000000,120,0,10,0,0,7,0,2,1,40,0,1,1,0,0,0,0,0,2,2,0,1,-1,-1,-1,-1,0,10,-1,1,1,3,-1,-1,5,0,0,1,0,0,10,0,0,0,6.22
1,0,0,0,-1,3,1,5,0,0,0,0,2,0,1,0,-1,2,0,2,0,10,0,16,10,0,9223372036800000000,120,0,10,0,0,7,0,0,1,40,0,1,1,0,0,0,0,0,2,2,0,1,-1,-1,-1,-1,0,10,-1,1,1,3,-1,-1,2,0,0,1,0,0,10,0,0,0,6.22
1,0,0,0,-1,3,1,5,0,0,0,0,2,0,1,0,-1,2,0,2,0,10,0,16,10,0,9223372036800000000,120,0,10,0,0,7,0,2,1,40,0,3,1,0,0,0,0,0,2,2,0,1,-1,-1,-1,-1,0,10,-1,1,1,3,-1,-1,2,0,0,1,0,0,10,0,0,0,10.2
1,0,0,0,-1,3,1,5,0,0,0,0,2,0,1,0,-1,2,0,2,0,10,0,16,10,0,9223372036800000000,120,0,10,0,0,7,0,2,1,40,0,1,1,0,0,0,0,0,3,2,0,1,-1,-1,-1,-1,0,10,-1,1,1,3,-1,-1,2,0,0,1,0,0,10,0,0,0,19.93
1,0,0,0,-1,3,1,5,0,0,0,0,2,0,1,2,-1,2,0,2,0,10,0,16,10,0,9223372036800000000,120,0,10,0,0,7,0,2,1,40,0,1,1,0,0,0,0,0,2,2,0,1,-1,-1,-1,-1,0,10,-1,1,1,3,-1,-1,2,0,0,1,0,0,10,0,0,0,6.22
1,0,0,0,-1,3,1,5,0,0,0,0,2,0,1,0,1,2,0,2,0,10,0,16,10,0,9223372036800000000,120,0,10,0,0,7,0,2,1,40,0,1,1,0,0,0,0,0,2,2,0,1,-1,-1,-1,-1,0,10,-1,1,1,3,-1,-1,2,0,0,1,0,0,10,0,0,0,6.22
1,0,0,0,-1,3,1,5,0,0,0,0,2,0,1,0,-1,2,0,2,0,10,0,16,10,0,9223372036800000000,120,0,10,0,0,7,0,2,1,40,0,1,1,0,0,0,0,0,2,2,0,1,-1,-1,-1,-1,0,10,-1,1,1,3,-1,-1,2,0,0,1,0,0,10,0,0,0,6.22
1,0,0,0,-1,0,1,0,0,0,0,0,2,2,0,-1,2,0,-1,2,-1,10,0,-1,100,0,9223372036800000000,60,0,10,0,0,7,0,0,1,500,0,0,1,0,0,0,0,0,3,2,0,1,-1,-1,-1,-1,0,10,-1,1,1,3,-1,-1,-1,0,0,1,0,0,10,0,0,0,1.85
1,0,0,0,-1,0,1,2,0,0,0,0,2,2,0,-1,2,0,-1,2,-1,10,0,-1,100,0,9223372036800000000,60,0,10,0,0,7,0,0,1,500,0,0,1,0,0,0,0,0,3,2,0,1,-1,-1,-1,-1,0,10,-1,1,1,3,-1,-1,-1,0,0,1,0,0,10,0,0,0,2.06
1,0,0,0,-1,0,1,2,0,0,0,0,2,-1,0,-1,2,0,-1,2,-1,3,0,-1,100,0,9223372036800000000,60,0,10,0,0,7,0,0,1,500,0,0,1,0,0,0,0,0,3,2,0,1,-1,-1,-1,-1,0,10,-1,1,1,3,-1,-1,-1,0,0,1,0,0,10,0,0,0,2.15
1,0,0,0,-1,3,1,5,0,0,0,0,2,0,1,0,-1,2,0,2,0,10,0,16,10,0,9223372036800000000,240,0,10,0,0,7,0,2,1,40,0,1,1,0,0,0,0,0,2,2,0,1,-1,-1,-1,-1,0,10,-1,1,1,3,-1,-1,2,0,0,1,0,0,10,0,0,0,6.22
1,0,0,0,-1,0,1,2,0,0,0,0,2,2,0,-1,2,0,-1,2,-1,3,0,-1,100,0,9223372036800000000,10,0,10,0,0,7,0,0,1,500,0,0,1,0,0,0,0,0,3,2,0,1,-1,-1,-1,-1,0,10,-1,1,1,3,-1,-1,-1,0,0,1,0,0,10,0,0,0,2.15
1,0,0,0,-1,0,1,2,0,0,0,0,2,2,0,-1,2,0,1,2,-1,3,0,-1,100,0,9223372036800000000,60,0,10,0,0,7,0,0,1,500,0,0,1,0,0,0,0,0,3,2,0,1,-1,-1,-1,-1,0,10,-1,1,1,3,-1,-1,-1,0,0,1,0,0,10,0,0,0,2.15
1,0,0,0,-1,0,1,2,0,0,0,0,2,2,0,-1,2,0,-1,0,-1,3,0,-1,100,0,9223372036800000000,60,0,10,0,0,7,0,0,1,500,0,0,1,0,0,0,0,0,3,2,0,1,-1,-1,-1,-1,0,10,-1,1,1,3,-1,-1,-1,0,0,1,0,0,10,0,0,0,2.38
1,0,0,0,-1,0,1,2,0,0,0,0,2,2,0,2,2,0,-1,2,-1,3,0,-1,100,0,9223372036800000000,60,0,10,0,0,7,0,0,1,500,0,0,1,0,0,0,0,0,3,2,0,1,-1,-1,-1,-1,0,10,-1,1,1,3,-1,-1,-1,0,0,1,0,0,10,0,0,0,2.15
1,0,0,0,-1,0,1,2,0,0,0,0,2,2,0,-1,2,0,-1,2,-1,3,0,-1,100,0,9223372036800000000,60,0,10,0,0,7,0,0,1,500,0,0,1,0,0,0,0,0,3,2,0,1,-1,-1,-1,-1,0,10,-1,1,1,3,-1,-1,-1,0,0,1,0,0,10,0,0,0,2.15
1,0,0,0,-1,0,1,2,0,0,0,0,2,2,-1,-1,2,0,-1,2,-1,3,0,-1,100,0,9223372036800000000,60,0,10,0,0,7,0,0,1,500,0,0,1,0,0,0,0,0,0,2,0,1,-1,-1,-1,-1,0,10,-1,1,1,3,-1,-1,-1,0,0,1,0,0,10,0,0,0,2.41
1,0,0,0,-1,0,1,2,0,0,0,0,2,2,0,-1,2,0,-1,2,-1,3,0,-1,100,0,9223372036800000000,60,0,10,0,0,7,0,1,1,500,0,0,1,0,0,0,0,0,0,2,0,1,-1,-1,-1,-1,0,10,-1,1,1,3,-1,-1,-1,0,0,1,0,0,10,0,0,0,2.43
1,0,0,0,-1,0,1,2,0,0,0,0,2,2,0,-1,2,0,-1,2,-1,3,0,-1,100,0,9223372036800000000,60,0,10,0,0,7,0,0,1,500,0,0,1,0,0,0,0,0,0,2,0,1,-1,-1,-1,-1,0,10,-1,1,1,3,-1,-1,-1,0,0,1,0,0,10,0,0,0,2.41
1,0,0,0,-1,0,1,0,0,0,0,0,2,2,0,-1,2,0,-1,2,-1,3,0,-1,100,0,9223372036800000000,60,0,10,0,0,7,0,1,1,0,0,0,1,0,0,0,0,0,0,2,0,1,-1,-1,-1,-1,0,10,-1,1,1,3,-1,-1,-1,0,0,1,0,0,10,0,0,0,12.26
1,0,0,0,-1,0,1,0,0,0,0,0,2,2,0,-1,2,0,-1,2,-1,3,0,-1,100,0,9223372036800000000,60,0,10,0,0,7,0,0,1,0,0,0,1,0,0,0,0,0,0,2,0,1,-1,-1,-1,-1,0,10,-1,1,1,3,-1,-1,2,0,0,1,0,0,10,0,0,0,12.24
1,0,0,0,-1,0,1,0,0,0,0,0,2,2,0,-1,2,0,-1,2,-1,3,0,-1,100,0,9223372036800000000,1,0,10,0,0,7,0,0,1,0,0,0,1,0,0,0,0,0,0,2,0,1,-1,-1,-1,-1,0,10,-1,1,1,3,-1,-1,-1,0,0,1,0,0,10,0,0,0,12.92
1,0,0,0,-1,0,1,0,0,0,0,0,2,2,0,-1,2,0,-1,2,-1,3,0,-1,100,0,9223372036800000000,5,0,10,0,0,7,0,0,1,0,0,0,1,0,0,0,0,0,0,2,0,1,-1,-1,-1,-1,0,10,-1,1,1,3,-1,-1,-1,0,0,1,0,0,10,0,0,0,15.75
1,0,0,0,-1,0,1,0,0,0,0,0,2,2,0,-1,2,0,-1,2,-1,3,0,-1,100,0,9223372036800000000,240,0,10,0,0,7,0,0,1,0,0,0,1,0,0,0,0,0,0,2,0,1,-1,-1,-1,-1,0,10,-1,1,1,3,-1,-1,-1,0,0,1,0,0,10,0,0,0,12.24
1,0,0,0,-1,0,1,0,0,0,0,0,2,2,2,-1,2,0,-1,2,-1,3,0,-1,100,0,9223372036800000000,60,0,10,0,0,7,0,0,1,0,0,0,1,0,0,0,0,0,0,2,0,1,-1,-1,-1,-1,0,10,-1,1,1,3,-1,-1,-1,0,0,1,0,0,10,0,0,0,13.49
1,0,0,0,-1,2,1,1,0,0,0,0,0,2,0,0,2,1,1,-1,2,10,0,-1,10,0,9223372036800000000,40,0,10,0,0,7,0,0,1,1000,0,1,1,0,0,0,0,0,1,2,0,1,-1,-1,-1,-1,0,10,-1,1,1,3,-1,-1,5,0,0,1,0,0,10,0,0,0,18
1,0,0,0,-1,0,1,0,0,0,0,0,2,2,0,-1,1,0,-1,2,-1,3,0,-1,100,0,9223372036800000000,60,0,10,0,0,7,0,0,1,0,0,0,1,0,0,0,0,0,0,2,0,1,-1,-1,-1,-1,0,10,-1,1,1,3,-1,-1,-1,0,0,1,0,0,10,0,0,0,15.75
1,0,0,0,-1,0,1,0,0,0,0,0,2,2,0,-1,2,0,-1,-1,-1,3,0,-1,100,0,9223372036800000000,60,0,10,0,0,7,0,0,1,0,0,0,1,0,0,0,0,0,0,2,0,1,-1,-1,-1,-1,0,10,-1,1,1,3,-1,-1,-1,0,0,1,0,0,10,0,0,0,19.68
1,0,0,0,-1,0,1,0,0,0,0,0,2,2,0,-1,2,0,-1,2,-1,3,0,16,100,0,9223372036800000000,60,0,10,0,0,7,0,0,1,0,0,0,1,0,0,0,0,0,0,2,0,1,-1,-1,-1,-1,0,10,-1,1,1,3,-1,-1,-1,0,0,1,0,0,10,0,0,0,12.27
1,0,0,0,-1,3,1,5,0,0,0,0,2,0,1,0,-1,2,0,2,0,0,0,16,10,0,9223372036800000000,120,0,10,0,0,7,0,2,1,40,0,1,1,0,0,0,0,0,2,2,0,1,-1,-1,-1,-1,0,10,-1,1,1,3,-1,-1,2,0,0,1,0,0,10,0,0,0,13.94
1,0,0,0,-1,0,1,0,0,0,0,0,2,2,0,-1,2,0,-1,2,-1,3,0,-1,10,0,9223372036800000000,60,0,10,0,0,7,0,0,1,0,0,0,1,0,0,0,0,0,0,2,0,1,-1,-1,-1,-1,0,10,-1,1,1,3,-1,-1,-1,0,0,1,0,0,10,0,0,0,12.02
1,0,0,0,-1,1,1,0,0,0,0,0,2,0,-1,0,-1,0,2,2,-1,3,0,4,400,0,9223372036800000000,1,0,10,0,0,7,0,1,1,500,0,3,1,0,0,0,0,0,0,2,0,1,-1,-1,-1,-1,0,10,-1,1,1,3,-1,-1,0,0,0,1,0,0,10,0,0,0,10.88
1,0,0,2,-1,0,1,0,0,0,0,0,2,0,-1,0,-1,0,2,2,-1,3,0,4,400,0,9223372036800000000,1,0,10,0,0,7,0,1,1,500,0,3,1,0,0,0,0,0,0,2,0,1,-1,-1,-1,-1,0,10,-1,1,1,3,-1,-1,0,0,0,1,0,0,10,0,0,0,10.85
1,0,0,0,-1,0,1,0,0,0,0,0,2,0,-1,0,-1,0,2,2,-1,5,0,4,400,0,9223372036800000000,1,0,10,0,0,7,0,1,1,500,0,3,1,0,0,0,0,0,0,2,0,1,-1,-1,-1,-1,0,10,-1,1,1,3,-1,-1,0,0,0,1,0,0,10,0,0,0,6.63
1,0,0,0,-1,0,1,0,0,0,0,0,2,0,-1,0,-1,0,2,2,-1,2,0,4,400,0,9223372036800000000,1,0,10,0,0,7,0,1,1,500,0,3,1,0,0,0,0,0,0,2,0,1,-1,-1,-1,-1,0,10,-1,1,1,3,-1,-1,0,0,0,1,0,0,10,0,0,0,13.78
1,0,0,0,-1,0,1,0,0,0,0,0,2,0,-1,0,-1,0,2,2,-1,1,0,4,400,0,9223372036800000000,1,0,10,0,0,7,0,1,1,500,0,3,1,0,0,0,0,0,0,2,0,1,-1,-1,-1,-1,0,10,-1,1,1,3,-1,-1,0,0,0,1,0,0,10,0,0,0,10.33
1,0,0,0,-1,3,1,0,0,0,0,0,2,0,-1,0,-1,0,2,2,-1,3,0,4,400,0,9223372036800000000,1,0,10,0,0,7,0,1,1,500,0,3,1,0,0,0,0,0,0,2,0,1,-1,-1,-1,-1,0,10,-1,1,1,3,-1,-1,0,0,0,1,0,0,10,0,0,0,6.01
1,0,0,0,-1,0,1,0,0,0,0,0,2,0,-1,0,-1,0,2,2,-1,3,0,4,400,0,9223372036800000000,1,0,10,0,0,7,0,1,1,500,0,3,1,0,0,0,0,0,0,2,0,1,-1,-1,-1,-1,0,10,-1,1,1,3,-1,-1,0,0,0,1,0,0,10,2,0,0,11.93
1,0,0,0,-1,0,1,0,0,0,0,0,2,0,-1,0,-1,0,2,2,-1,3,0,4,400,0,9223372036800000000,1,0,10,0,0,7,0,1,1,500,0,3,1,0,0,0,0,0,0,2,0,1,-1,-1,-1,-1,0,10,-1,1,1,3,-1,-1,0,0,0,1,5,0,10,0,0,0,7.28
1,0,0,0,-1,0,1,0,0,0,0,0,2,0,-1,0,-1,0,2,2,-1,3,0,4,400,0,9223372036800000000,1,0,10,0,0,7,0,1,1,500,0,3,1,0,0,0,0,4,0,2,0,1,-1,-1,-1,-1,0,10,-1,1,1,3,-1,-1,0,0,0,1,0,0,10,0,0,0,1.79769e+308
1,0,0,0,-1,0,1,0,0,0,0,0,2,0,-1,0,-1,0,2,2,-1,3,0,4,400,0,9223372036800000000,1,0,10,0,0,7,0,1,1,500,0,3,1,0,0,0,0,2,0,2,0,1,-1,-1,-1,-1,0,10,-1,1,1,3,-1,-1,0,0,0,1,0,0,10,0,0,0,6.4
1,0,0,0,-1,0,1,4,0,0,0,0,-1,3,0,-1,1,1,1,0,-1,3,0,-1,100,0,9223372036800000000,0,0,10,0,0,7,0,1,1,-1,0,0,1,0,0,0,0,0,4,2,0,1,-1,-1,-1,-1,0,10,-1,1,1,3,-1,-1,5,0,0,1,0,0,10,0,0,0,7.07
1,0,0,0,-1,0,1,4,0,0,0,0,-1,3,0,-1,1,-1,1,0,-1,3,0,-1,100,0,9223372036800000000,30,0,10,0,0,7,0,1,1,-1,0,0,1,0,0,0,0,0,4,2,0,1,-1,-1,-1,-1,0,10,-1,1,1,3,-1,-1,5,0,0,1,0,0,10,0,0,0,9.17
1,0,0,0,-1,0,1,4,0,0,0,0,-1,3,0,-1,1,-1,1,0,-1,3,0,-1,100,0,9223372036800000000,0,0,10,0,0,7,0,1,1,-1,0,0,1,0,0,0,0,0,1,2,0,1,-1,-1,-1,-1,0,10,-1,1,1,3,-1,-1,5,0,0,1,0,0,10,0,0,0,1.79769e+308
1,0,0,0,-1,0,1,4,0,0,0,0,-1,2,0,-1,1,-1,1,0,-1,3,0,-1,100,0,9223372036800000000,0,0,10,0,0,7,0,1,1,-1,0,0,1,0,0,0,0,0,4,2,0,1,-1,-1,-1,-1,0,10,-1,1,1,3,-1,-1,5,0,0,1,0,0,10,0,0,0,9.17
1,0,0,0,-1,0,1,4,0,0,0,0,-1,3,0,-1,1,-1,1,0,-1,3,0,-1,100,0,9223372036800000000,0,0,10,0,0,7,0,1,1,40,0,0,1,0,0,0,0,0,4,2,0,1,-1,-1,-1,-1,0,10,-1,1,1,3,-1,-1,5,0,0,1,0,0,10,0,0,0,12.77
1,0,0,0,-1,0,1,0,0,0,0,0,2,-1,0,-1,2,0,-1,2,-1,3,0,-1,100,0,9223372036800000000,60,0,10,0,0,7,0,0,1,0,0,0,1,0,0,0,0,0,0,2,0,1,-1,-1,-1,-1,0,10,-1,1,1,3,-1,-1,-1,0,0,1,0,0,10,0,0,0,12.24
1,0,0,0,-1,0,1,4,0,0,0,0,-1,3,0,-1,1,-1,1,0,-1,3,0,-1,100,0,9223372036800000000,120,0,10,0,0,7,0,1,1,-1,0,0,1,0,0,0,0,0,4,2,0,1,-1,-1,-1,-1,0,10,-1,1,1,3,-1,-1,5,0,0,1,0,0,10,0,0,0,9.17
1,0,0,0,-1,0,1,4,0,0,0,0,-1,3,0,-1,1,1,1,0,-1,3,0,-1,25,0,9223372036800000000,0,0,10,0,0,7,0,1,1,20,0,0,1,0,0,0,0,0,4,2,0,1,-1,-1,-1,-1,0,10,-1,1,1,3,-1,-1,5,0,0,1,0,0,10,0,0,0,12.7
1,0,0,0,-1,0,1,4,0,0,0,0,0,1,0,-1,1,1,1,0,-1,3,0,-1,25,0,9223372036800000000,0,0,10,0,0,7,0,1,1,20,0,0,1,0,0,0,0,0,4,2,0,1,-1,-1,-1,-1,0,10,-1,1,1,3,-1,-1,5,0,0,1,0,0,10,0,0,0,13.83
1,0,0,0,-1,0,1,4,0,0,0,0,0,2,0,-1,1,1,1,0,-1,3,0,-1,25,0,9223372036800000000,0,0,10,0,0,7,0,1,1,20,0,0,1,0,0,0,0,0,-1,2,0,1,-1,-1,-1,-1,0,10,-1,1,1,3,-1,-1,5,0,0,1,0,0,10,0,0,0,1.79769e+308
1,0,0,0,-1,0,1,4,0,0,0,0,0,1,0,-1,1,1,1,0,-1,3,0,-1,400,0,9223372036800000000,0,0,10,0,0,7,0,1,1,20,0,0,1,0,0,0,0,0,-1,2,0,1,-1,-1,-1,-1,0,10,-1,1,1,3,-1,-1,5,0,0,1,0,0,10,0,0,0,1.79769e+308
1,0,0,0,-1,0,1,4,0,0,0,0,0,1,0,-1,1,1,1,0,-1,3,0,-1,25,0,9223372036800000000,0,0,10,0,0,7,0,1,1,500,0,0,1,0,0,0,0,0,-1,2,0,1,-1,-1,-1,-1,0,10,-1,1,1,3,-1,-1,5,0,0,1,0,0,10,0,0,0,22.39
1,0,0,0,-1,0,1,4,0,0,0,0,0,1,0,-1,1,1,1,2,-1,3,0,-1,100,0,9223372036800000000,0,0,10,0,0,7,0,1,1,20,0,0,1,0,0,0,0,0,-1,2,0,1,-1,-1,-1,-1,0,10,-1,1,1,3,-1,-1,5,0,0,1,0,0,10,0,0,0,1.79769e+308
1,0,0,0,-1,3,1,5,0,0,0,0,2,0,1,0,-1,2,0,2,0,10,0,16,10,0,9223372036800000000,40,0,10,0,0,7,0,2,1,40,0,1,1,0,0,0,0,0,2,2,0,1,-1,-1,-1,-1,0,10,-1,1,1,3,-1,-1,2,0,0,1,0,0,10,0,0,0,6.22
1,0,0,0,-1,0,1,4,0,0,0,0,0,1,0,-1,1,1,1,0,-1,3,0,-1,100,0,9223372036800000000,0,0,10,0,0,7,0,1,1,20,0,0,1,0,0,0,0,0,-1,2,0,1,-1,-1,-1,-1,0,10,-1,1,1,3,-1,-1,0,0,0,1,0,0,10,0,0,0,28.08
1,0,0,0,-1,0,1,4,0,0,0,0,0,1,0,-1,1,1,1,0,-1,3,0,-1,100,0,9223372036800000000,0,0,10,0,0,7,0,1,1,20,0,0,1,0,0,0,0,0,-1,2,0,1,-1,-1,-1,-1,0,10,-1,1,1,3,-1,-1,5,0,0,1,0,0,10,0,0,0,28.08
1,0,0,0,-1,0,1,4,0,0,0,0,0,1,0,-1,1,1,1,0,-1,3,0,-1,100,0,9223372036800000000,0,0,10,0,0,7,0,1,1,20,0,0,1,0,0,0,0,0,3,2,0,1,-1,-1,-1,-1,0,10,-1,1,1,3,-1,-1,5,0,0,1,0,0,10,0,0,0,1.79769e+308
1,0,0,0,-1,0,1,0,0,0,0,0,2,0,-1,0,-1,0,2,2,-1,3,0,4,400,0,9223372036800000000,1,0,10,0,0,7,0,1,1,500,0,3,1,0,0,0,0,0,1,2,0,1,-1,-1,-1,-1,0,10,-1,1,1,3,-1,-1,0,0,0,1,0,0,10,0,0,0,1.79769e+308
1,0,0,0,-1,0,1,0,0,0,0,0,2,0,-1,-1,-1,0,2,2,-1,3,0,4,400,0,9223372036800000000,1,0,10,0,0,7,0,1,1,500,0,3,1,0,0,0,0,0,0,2,0,1,-1,-1,-1,-1,0,10,-1,1,1,3,-1,-1,0,0,0,1,0,0,10,0,0,0,5.28
1,0,0,0,-1,0,1,0,0,0,0,0,2,3,-1,0,-1,1,-1,2,-1,3,0,4,400,0,9223372036800000000,1,0,10,0,0,7,0,1,1,40,0,3,1,0,0,0,0,0,0,2,0,1,-1,-1,-1,-1,0,10,-1,1,1,3,-1,-1,0,0,0,1,0,0,10,0,0,0,9.24
1,0,0,0,-1,0,1,0,0,0,0,0,2,3,-1,0,-1,1,2,2,-1,3,0,4,400,0,9223372036800000000,1,0,10,0,0,7,0,1,1,40,0,3,1,0,0,0,0,0,3,2,0,1,-1,-1,-1,-1,0,10,-1,1,1,3,-1,-1,0,0,0,1,0,0,10,0,0,0,1.79769e+308
1,0,0,0,-1,0,1,0,0,0,0,0,2,3,-1,0,-1,1,2,2,-1,3,0,4,400,0,9223372036800000000,60,0,10,0,0,7,0,1,1,40,0,3,1,0,0,0,0,0,0,2,0,1,-1,-1,-1,-1,0,10,-1,1,1,3,-1,-1,0,0,0,1,0,0,10,0,0,0,8.97
1,0,0,0,-1,0,1,0,0,0,0,0,2,3,-1,0,-1,1,2,2,-1,3,0,4,400,0,9223372036800000000,1,0,10,0,0,7,0,1,1,-1,0,3,1,0,0,0,0,0,0,2,0,1,-1,-1,-1,-1,0,10,-1,1,1,3,-1,-1,0,0,0,1,0,0,10,0,0,0,9.6
1,0,0,0,-1,0,1,0,0,0,0,0,2,2,0,-1,2,0,-1,2,-1,3,0,-1,100,0,9223372036800000000,60,0,10,0,0,7,0,0,1,0,0,0,1,0,0,0,0,0,-1,2,0,1,-1,-1,-1,-1,0,10,-1,1,1,3,-1,-1,-1,0,0,1,0,0,10,0,0,0,1.79769e+308
1,0,0,0,-1,0,1,0,0,0,0,0,2,3,-1,0,-1,1,2,2,-1,3,0,4,400,0,9223372036800000000,1,0,10,0,0,7,0,1,1,40,0,3,1,0,0,0,0,0,0,2,0,1,-1,-1,-1,-1,0,10,-1,1,1,3,-1,-1,0,0,0,1,0,0,10,0,0,0,8.97
1,0,0,0,-1,0,1,0,0,0,0,0,2,3,-1,0,-1,1,2,-1,-1,3,0,4,400,0,9223372036800000000,60,0,10,0,0,7,0,1,1,40,0,3,1,0,0,0,0,0,0,2,0,1,-1,-1,-1,-1,0,10,-1,1,1,3,-1,-1,0,0,0,1,0,0,10,0,0,0,11.53
1,0,0,0,-1,0,1,0,0,0,0,0,2,3,3,0,-1,1,0,-1,-1,3,0,4,400,0,9223372036800000000,1,0,10,0,0,7,0,1,1,40,0,3,1,0,0,0,0,0,0,2,0,1,-1,-1,-1,-1,0,10,-1,1,1,3,-1,-1,0,0,0,1,0,0,10,0,0,0,15.64
1,0,0,0,-1,3,1,5,0,0,0,0,2,0,1,-1,-1,2,0,2,0,10,0,16,10,0,9223372036800000000,120,0,10,0,0,7,0,2,1,40,0,1,1,0,0,0,0,0,2,2,0,1,-1,-1,-1,-1,0,10,-1,1,1,3,-1,-1,2,0,0,1,0,0,10,0,0,0,6.22
1,0,0,0,-1,0,1,0,0,0,0,0,2,3,-1,0,-1,1,0,-1,-1,3,0,4,25,0,9223372036800000000,1,0,10,0,0,7,0,1,1,40,0,3,1,0,0,0,0,0,0,2,0,1,-1,-1,-1,-1,0,10,-1,1,1,3,-1,-1,0,0,0,1,0,0,10,0,0,0,14.94
1,0,0,0,-1,2,1,1,0,0,0,0,0,2,0,0,2,1,1,-1,2,10,0,-1,10,0,9223372036800000000,120,0,10,0,0,7,0,0,1,20,0,1,1,0,0,0,0,0,1,2,0,1,-1,-1,-1,-1,0,10,-1,1,1,3,-1,-1,5,0,0,1,0,0,10,0,0,0,21.99
1,0,0,0,-1,0,1,0,0,0,0,0,2,3,-1,0,-1,1,0,-1,-1,3,0,4,100,0,9223372036800000000,1,0,10,0,0,7,0,1,1,40,0,3,1,0,0,0,0,0,0,2,0,1,-1,-1,-1,-1,0,10,-1,1,1,3,-1,-1,0,0,0,1,0,0,10,0,0,0,16.67
1,0,0,0,-1,0,1,0,0,0,0,0,2,0,0,-1,2,0,-1,2,-1,3,0,-1,200,0,9223372036800000000,60,0,10,0,0,7,0,0,1,0,0,0,1,0,0,0,0,0,0,2,0,1,-1,-1,-1,-1,0,10,-1,1,1,3,-1,-1,-1,0,0,1,0,0,10,0,0,0,4.02
1,0,0,0,-1,0,1,1,0,0,0,0,2,0,0,-1,-1,0,-1,2,-1,3,0,-1,200,0,9223372036800000000,60,0,10,0,0,7,0,0,1,0,0,0,1,0,0,0,0,0,0,2,0,1,-1,-1,-1,-1,0,10,-1,1,1,3,-1,-1,-1,0,0,1,0,0,10,0,0,0,4.93
1,0,0,0,-1,0,1,1,0,0,0,0,2,0,0,-1,2,0,-1,2,-1,3,0,-1,25,0,9223372036800000000,60,0,10,0,0,7,0,0,1,0,0,0,1,0,0,0,0,0,0,2,0,1,-1,-1,-1,-1,0,10,-1,1,1,3,-1,-1,-1,0,0,1,0,0,10,0,0,0,8.62
1,0,0,0,-1,0,1,1,0,0,0,0,2,0,0,-1,2,0,-1,2,2,3,0,-1,200,0,9223372036800000000,2,0,10,0,0,7,0,0,1,0,0,0,1,0,0,0,0,0,0,2,0,1,-1,-1,-1,-1,0,10,-1,1,1,3,-1,-1,-1,0,0,1,0,0,10,0,0,0,8.76
1,0,0,0,-1,0,1,1,0,0,0,0,2,0,0,-1,2,0,-1,2,-1,3,0,-1,200,0,9223372036800000000,60,0,10,0,0,7,0,0,1,0,0,0,1,0,0,0,0,0,0,2,0,1,-1,-1,-1,-1,0,10,-1,1,1,3,-1,-1,-1,0,0,1,0,0,10,0,0,0,4.85
1,0,0,0,-1,0,1,1,0,0,0,0,2,0,0,-1,2,0,1,2,2,3,0,-1,200,0,9223372036800000000,1e+75,0,10,0,0,7,0,0,1,0,0,1,1,0,0,0,0,0,0,2,0,1,-1,-1,-1,-1,0,10,-1,1,1,3,-1,-1,-1,0,0,1,0,0,10,0,0,0,6.33
1,0,0,0,-1,0,1,1,0,0,0,0,2,0,0,-1,2,0,-1,2,2,3,0,-1,200,0,9223372036800000000,60,0,10,0,0,7,0,2,1,0,0,1,1,0,0,0,0,0,0,2,0,1,-1,-1,-1,-1,0,10,-1,1,1,3,-1,-1,5,0,0,1,0,0,10,0,0,0,5.51
1,0,0,0,-1,0,1,1,0,0,0,0,2,0,0,-1,2,0,-1,2,2,3,0,-1,200,0,9223372036800000000,60,0,10,0,0,7,0,2,1,500,0,1,1,0,0,0,0,0,0,2,0,1,-1,-1,-1,-1,0,10,-1,1,1,3,-1,-1,-1,0,0,1,0,0,10,0,0,0,15.95
1,0,0,0,-1,0,1,1,0,0,0,0,2,0,0,-1,2,0,-1,2,2,3,0,-1,200,0,9223372036800000000,60,0,10,0,0,7,0,1,1,0,0,0,1,0,0,0,0,0,0,2,0,1,-1,-1,-1,-1,0,10,-1,1,1,3,-1,-1,-1,0,0,1,0,0,10,0,0,0,8.84
1,0,0,0,-1,0,1,0,0,0,0,0,2,3,-1,0,-1,1,0,-1,-1,3,0,4,400,0,9223372036800000000,1,0,10,0,0,7,0,1,1,40,0,3,1,0,0,0,0,0,0,2,0,1,-1,-1,-1,-1,0,10,-1,1,1,3,-1,-1,0,0,0,1,0,0,10,0,0,0,12.02
1,0,0,0,-1,0,1,5,0,0,0,0,2,0,0,-1,2,0,-1,2,2,3,0,-1,200,0,9223372036800000000,60,0,10,0,0,7,0,0,1,0,0,0,1,0,0,0,0,0,0,2,0,1,-1,-1,-1,-1,0,10,-1,1,1,3,-1,-1,-1,0,0,1,0,0,10,0,0,0,26.07
1,0,0,0,-1,0,1,1,0,0,0,0,2,0,0,-1,2,0,-1,2,2,3,0,-1,200,0,9223372036800000000,60,0,10,0,0,7,0,0,1,0,0,1,1,3,0,0,0,0,0,2,0,1,-1,-1,-1,-1,0,10,-1,1,1,3,-1,-1,-1,0,0,1,0,0,10,0,0,0,23.54
1,0,0,0,-1,0,1,2,0,0,0,0,2,0,0,-1,2,0,-1,2,-1,3,0,-1,100,0,9223372036800000000,60,0,10,0,0,7,0,0,1,500,0,0,1,0,0,0,0,0,3,2,0,1,-1,-1,-1,-1,0,10,-1,1,1,3,-1,-1,-1,0,0,1,0,0,10,0,0,0,2.15
1,0,0,0,-1,0,1,1,0,0,0,0,2,-1,0,-1,2,0,-1,2,2,3,0,-1,200,0,9223372036800000000,60,0,10,0,0,7,0,0,1,0,0,1,1,0,0,0,0,0,0,2,0,1,-1,-1,-1,-1,0,10,-1,1,1,3,-1,-1,-1,0,0,1,0,0,10,0,0,0,18.15
1,0,0,0,-1,0,1,1,0,0,0,0,2,0,0,-1,2,0,-1,2,2,3,0,-1,200,0,9223372036800000000,20,0,10,0,0,7,0,0,1,0,0,1,1,0,0,0,0,0,0,2,0,1,-1,-1,-1,-1,0,10,-1,1,1,3,-1,-1,-1,0,0,1,0,0,10,0,0,0,18.88
1,0,0,0,-1,0,1,1,0,0,0,0,3,0,-1,1,1,-1,-1,-1,-1,3,0,-1,200,0,9223372036800000000,10,0,10,0,0,7,0,0,1,0,0,3,1,0,0,0,0,0,0,2,0,1,-1,-1,-1,-1,0,10,-1,1,1,3,-1,-1,-1,0,0,1,0,0,10,0,0,0,21.09
1,0,0,0,-1,0,1,2,0,0,0,0,2,2,0,-1,2,0,-1,2,-1,3,0,-1,100,0,9223372036800000000,60,0,10,0,0,7,0,3,1,500,0,0,1,0,0,0,0,0,3,2,0,1,-1,-1,-1,-1,0,10,-1,1,1,3,-1,-1,-1,0,0,1,0,0,10,0,0,0,2.37
1,0,0,0,-1,0,1,1,0,0,0,0,2,0,0,-1,2,0,-1,2,1,3,0,-1,200,0,9223372036800000000,1e+75,0,10,0,0,7,0,0,1,0,0,1,1,0,0,0,0,0,0,2,0,1,-1,-1,-1,-1,0,10,-1,1,1,3,-1,-1,-1,0,0,1,0,0,10,0,0,0,6.33
1,0,0,0,-1,0,1,1,0,0,0,0,2,0,0,-1,2,0,-1,2,2,3,0,-1,200,0,9223372036800000000,60,0,10,0,0,7,0,2,1,40,0,1,1,0,0,0,0,0,0,2,0,1,-1,-1,-1,-1,0,10,-1,1,1,3,-1,-1,-1,0,0,1,0,0,10,0,0,0,21.24
1,0,0,0,-1,0,1,1,0,0,0,0,3,0,-1,1,1,-1,2,-1,-1,3,0,-1,200,0,9223372036800000000,120,0,10,0,0,7,0,0,1,0,0,3,1,0,0,0,0,0,0,2,0,1,-1,-1,-1,-1,0,10,-1,1,1,3,-1,-1,-1,0,0,1,0,0,10,0,0,0,18.91
1,0,0,0,-1,0,1,0,0,0,0,0,2,0,-1,0,-1,1,2,2,-1,3,0,4,400,0,9223372036800000000,1,0,10,0,0,7,0,1,1,40,0,3,1,0,0,0,0,0,0,2,0,1,-1,-1,-1,-1,0,10,-1,1,1,3,-1,-1,0,0,0,1,0,0,10,0,0,0,8.77
1,0,0,0,-1,0,1,5,0,0,0,0,2,0,1,0,-1,0,0,-1,1,3,0,-1,800,0,9223372036800000000,0,0,10,0,0,7,0,0,1,0,0,1,1,0,0,0,0,0,0,2,0,1,-1,-1,-1,-1,0,10,-1,1,1,3,-1,-1,-1,0,0,1,0,0,10,0,0,0,13.08
1,0,0,0,-1,0,1,1,0,0,0,0,2,0,0,-1,2,-1,-1,2,2,3,0,-1,200,0,9223372036800000000,60,0,10,0,0,7,0,0,1,0,0,1,1,0,0,0,0,0,0,2,0,1,-1,-1,-1,-1,0,10,-1,1,1,3,-1,-1,-1,0,0,1,0,0,10,0,0,0,24.8
1,0,0,0,-1,0,1,4,0,0,0,0,3,0,2,2,0,-1,2,-1,2,3,0,-1,100,0,9223372036800000000,1e+75,0,10,0,0,7,0,3,1,0,0,3,1,0,0,0,0,0,0,2,0,1,-1,-1,-1,-1,0,10,-1,1,1,3,-1,-1,-1,0,0,1,0,0,10,0,0,0,12.98
1,0,0,0,-1,0,1,1,0,0,0,0,2,0,0,-1,2,0,-1,2,2,3,0,-1,200,0,9223372036800000000,10,0,10,0,0,7,0,0,1,0,0,0,1,0,0,0,0,0,0,2,0,1,-1,-1,-1,-1,0,10,-1,1,1,3,-1,-1,-1,0,0,1,0,0,10,0,0,0,5.21
1,0,0,0,-1,0,1,4,0,0,0,0,0,0,2,2,-1,2,0,0,0,3,0,-1,150,0,9223372036800000000,1e+75,0,10,0,0,7,0,0,1,0,0,1,1,0,0,0,0,0,0,2,0,1,-1,-1,-1,-1,0,10,-1,1,1,3,-1,-1,-1,0,0,1,0,0,10,0,0,0,15.78
1,0,0,0,-1,0,1,2,0,0,0,0,3,0,-1,1,1,-1,2,-1,-1,3,0,-1,200,0,9223372036800000000,10,0,10,0,0,7,0,0,1,0,0,3,1,0,0,0,0,0,0,2,0,1,-1,-1,-1,-1,0,10,-1,1,1,3,-1,-1,-1,0,0,1,0,0,10,0,0,0,16.4
1,0,0,0,-1,0,1,2,0,0,0,0,3,0,-1,1,1,-1,2,-1,-1,3,0,-1,200,0,9223372036800000000,1,0,10,0,0,7,0,0,1,0,0,3,1,0,0,0,0,0,0,2,0,1,-1,-1,-1,-1,0,10,-1,1,1,3,-1,-1,-1,0,0,1,0,0,10,0,0,0,16.39
1,0,0,0,-1,0,1,1,0,0,0,0,2,0,0,-1,2,0,-1,2,2,3,0,-1,200,0,9223372036800000000,60,0,10,0,0,7,0,2,1,0,0,1,1,0,0,0,0,0,0,2,0,1,-1,-1,-1,-1,0,10,-1,1,1,3,-1,-1,3,0,0,1,0,0,10,0,0,0,5.51
1,0,0,0,-1,0,1,0,0,0,0,0,2,3,-1,0,-1,1,0,-1,-1,3,0,4,400,0,9223372036800000000,1,0,10,0,0,7,0,1,1,500,0,3,1,0,0,0,0,0,0,2,0,1,-1,-1,-1,-1,0,10,-1,1,1,3,-1,-1,5,0,0,1,0,0,10,0,0,0,13.15
1,0,0,0,-1,0,1,0,0,0,0,0,2,0,0,-1,2,0,-1,2,2,3,0,-1,200,0,9223372036800000000,60,0,10,0,0,7,0,0,1,0,0,0,1,0,0,0,0,0,0,2,0,1,-1,-1,-1,-1,0,10,-1,1,1,3,-1,-1,-1,0,0,1,0,0,10,0,0,0,17.82
1,0,0,0,-1,0,1,2,0,0,0,0,2,0,1,0,-1,2,0,-1,1,3,0,-1,800,0,9223372036800000000,0,0,10,0,0,7,0,0,1,0,0,1,1,0,0,0,0,0,0,2,0,1,-1,-1,-1,-1,0,10,-1,1,1,3,-1,-1,-1,0,0,1,0,0,10,0,0,0,12.44
1,0,0,0,-1,0,1,0,0,0,0,0,2,0,-1,0,-1,0,2,2,-1,3,0,4,400,0,9223372036800000000,1,0,10,0,0,7,0,1,1,500,0,3,1,0,0,0,0,0,0,2,0,1,-1,-1,-1,-1,0,10,-1,1,1,3,-1,-1,0,0,0,1,0,0,10,-1,0,0,6.38
1,0,0,0,-1,0,1,1,0,0,0,0,2,0,0,-1,2,0,-1,2,2,3,0,-1,200,0,9223372036800000000,0,0,10,0,0,7,0,0,1,0,0,1,1,0,0,0,0,0,0,2,0,1,-1,-1,-1,-1,0,10,-1,1,1,3,-1,-1,-1,0,0,1,0,0,10,0,0,0,10.65
1,0,0,0,-1,0,1,0,0,0,0,0,0,0,3,-1,-1,2,0,0,0,3,0,-1,150,0,9223372036800000000,1e+75,0,10,0,0,7,0,0,1,0,0,1,1,0,0,0,0,0,0,2,0,1,-1,-1,-1,-1,0,10,-1,1,1,3,-1,-1,-1,0,0,1,0,0,10,0,0,0,19.1
1,0,0,0,-1,0,1,1,0,0,0,0,2,0,0,-1,2,0,-1,2,2,3,0,-1,200,0,9223372036800000000,60,0,10,0,0,7,0,0,1,0,0,0,1,0,0,0,0,0,0,2,0,1,-1,-1,-1,-1,0,10,-1,1,1,3,-1,-1,-1,0,0,1,0,0,10,0,0,0,4.96
1,0,0,0,-1,0,1,1,0,0,0,0,2,0,0,-1,2,0,-1,2,2,3,0,-1,200,0,9223372036800000000,5,0,10,0,0,7,0,0,1,0,0,1,1,0,0,0,0,0,0,2,0,1,-1,-1,-1,-1,0,10,-1,1,1,3,-1,-1,-1,0,0,1,0,0,10,0,0,0,20.33
1,0,0,0,-1,0,1,0,0,0,0,0,0,0,0,2,0,0,0,0,0,3,0,-1,800,0,9223372036800000000,1e+75,0,10,0,0,7,0,0,1,0,0,1,1,0,0,0,0,0,0,2,0,1,-1,-1,-1,-1,0,10,-1,1,1,3,-1,-1,-1,0,0,1,0,0,10,0,0,0,10.9
1,0,0,0,-1,0,1,1,0,0,0,0,2,0,0,-1,2,0,-1,2,2,3,0,-1,200,0,9223372036800000000,60,0,10,0,0,7,0,0,1,0,0,1,1,0,0,0,0,0,0,2,0,1,-1,-1,-1,-1,0,10,-1,1,1,3,-1,-1,-1,0,0,1,0,0,10,0,0,0,10.65
1,0,0,0,-1,0,1,0,0,0,0,0,2,0,0,-1,2,0,-1,2,-1,3,0,-1,100,0,9223372036800000000,120,0,10,0,0,7,0,3,1,0,0,0,1,0,0,0,0,0,0,2,0,1,-1,-1,-1,-1,0,10,-1,1,1,3,-1,-1,-1,0,0,1,0,0,10,0,0,0,13.73
1,0,0,0,-1,0,1,1,0,0,0,0,2,0,0,-1,2,0,-1,2,2,3,0,-1,200,0,9223372036800000000,60,0,10,0,0,7,0,0,1,0,0,0,1,0,0,0,0,0,0,2,0,1,-1,-1,-1,-1,0,10,-1,1,1,3,-1,-1,-1,0,0,1,0,0,10,0,0,0,8.79
1,0,0,0,-1,0,1,1,0,0,0,0,2,0,0,-1,2,0,-1,2,2,3,0,-1,200,0,9223372036800000000,60,0,10,0,0,7,0,2,1,0,0,1,1,0,0,0,0,0,4,2,0,1,-1,-1,-1,-1,0,10,-1,1,1,3,-1,-1,-1,0,0,1,0,0,10,0,0,0,14.26
1,0,0,0,-1,0,1,4,0,0,0,0,-1,3,0,-1,1,-1,1,0,-1,3,0,-1,100,0,9223372036800000000,0,0,10,0,0,7,0,1,1,20,0,0,1,0,0,0,0,0,4,2,0,1,-1,-1,-1,-1,0,10,-1,1,1,3,-1,-1,5,0,0,1,0,0,10,0,0,0,10.35
1,0,0,0,-1,0,1,2,0,0,0,0,2,3,-1,0,-1,1,0,-1,-1,3,0,4,400,0,9223372036800000000,1,0,10,0,0,7,0,1,1,40,0,3,1,0,0,0,0,0,0,2,0,1,-1,-1,-1,-1,0,10,-1,1,1,3,-1,-1,0,0,0,1,0,0,10,0,0,0,15.44
1,0,0,0,-1,0,1,0,0,0,0,0,0,0,-1,-1,-1,2,0,0,0,3,0,-1,50,0,9223372036800000000,1e+75,0,10,0,0,7,0,0,1,0,0,1,1,0,0,0,0,0,0,2,0,1,-1,-1,-1,-1,0,10,-1,1,1,3,-1,-1,-1,0,0,1,0,0,10,0,0,0,15.46
1,0,0,0,-1,3,1,5,0,0,0,0,2,0,1,0,-1,2,0,2,0,10,0,16,10,0,9223372036800000000,120,0,10,0,0,7,0,1,1,40,0,1,1,0,0,0,0,0,2,2,0,1,-1,-1,-1,-1,0,10,-1,1,1,3,-1,-1,2,0,0,1,0,0,10,0,0,0,6.22
1,0,0,0,-1,0,1,0,0,0,0,0,2,2,0,-1,2,0,-1,2,-1,3,0,-1,100,0,9223372036800000000,60,0,10,0,0,7,0,0,1,0,0,3,1,0,0,0,0,0,0,2,0,1,-1,-1,-1,-1,0,10,-1,1,1,3,-1,-1,-1,0,0,1,0,0,10,0,0,0,14.29
1,0,0,0,-1,0,1,0,0,0,0,0,2,3,-1,0,-1,1,2,-1,-1,3,0,4,400,0,9223372036800000000,1,0,10,0,0,7,0,1,1,40,0,3,1,0,0,0,0,0,0,2,0,1,-1,-1,-1,-1,0,10,-1,1,1,3,-1,-1,0,0,0,1,0,0,10,0,0,0,11.53
1,0,0,0,-1,0,1,0,0,0,0,0,1,0,2,-1,-1,2,0,0,0,3,0,-1,150,0,9223372036800000000,1e+75,0,10,0,0,7,0,0,1,0,0,1,1,0,0,0,0,0,0,2,0,1,-1,-1,-1,-1,0,10,-1,1,1,3,-1,-1,-1,0,0,1,0,0,10,0,0,0,14.06
1,0,0,0,-1,0,1,0,0,0,0,0,0,0,-1,-1,-1,2,0,0,0,3,0,-1,10,0,9223372036800000000,1e+75,0,10,0,0,7,0,0,1,0,0,1,1,0,0,0,0,0,0,2,0,1,-1,-1,-1,-1,0,10,-1,1,1,3,-1,-1,-1,0,0,1,0,0,10,0,0,0,16.05
1,0,0,0,-1,0,1,1,0,0,0,0,2,0,0,-1,1,0,-1,2,2,3,0,-1,200,0,9223372036800000000,1e+75,0,10,0,0,7,0,0,1,0,0,1,1,0,0,0,0,0,0,2,0,1,-1,-1,-1,-1,0,10,-1,1,1,3,-1,-1,-1,0,0,1,0,0,10,0,0,0,6.33
1,0,0,0,-1,0,1,4,0,0,0,0,-1,3,0,-1,2,-1,1,0,-1,3,0,-1,100,0,9223372036800000000,0,0,10,0,0,7,0,1,1,-1,0,0,1,0,0,0,0,0,4,2,0,1,-1,-1,-1,-1,0,10,-1,1,1,3,-1,-1,5,0,0,1,0,0,10,0,0,0,9.17
1,0,0,0,-1,0,1,0,0,0,0,0,0,0,2,-1,-1,2,1,0,0,3,0,-1,150,0,9223372036800000000,1e+75,0,10,0,0,7,0,0,1,0,0,1,1,0,0,0,0,0,0,2,0,1,-1,-1,-1,-1,0,10,-1,1,1,3,-1,-1,-1,0,0,1,0,0,10,0,0,0,14.5
1,0,0,0,-1,0,1,0,0,0,0,0,2,0,0,-1,2,0,-1,2,-1,3,0,-1,100,0,9223372036800000000,60,0,10,0,0,7,0,0,1,0,0,0,1,0,0,0,0,0,0,2,0,1,-1,-1,-1,-1,0,10,-1,1,1,3,-1,-1,3,0,0,1,0,0,10,0,0,0,2.41
1,0,0,0,-1,0,1,0,0,0,0,0,2,0,0,1,2,0,-1,2,-1,3,0,-1,100,0,9223372036800000000,60,0,10,0,0,7,0,3,1,0,0,0,1,0,0,0,0,0,0,2,0,1,-1,-1,-1,-1,0,10,-1,1,1,3,-1,-1,-1,0,0,1,0,0,10,0,0,0,2.45
1,0,0,0,-1,0,1,0,0,0,0,0,0,0,1,-1,-1,2,0,0,0,3,0,-1,150,0,9223372036800000000,1e+75,0,10,0,0,7,0,0,1,0,0,1,1,0,0,0,0,0,0,2,0,1,-1,-1,-1,-1,0,10,-1,1,1,3,-1,-1,-1,0,0,1,0,0,10,0,0,0,12.92
1,0,0,0,-1,0,1,0,0,0,0,0,-1,0,2,-1,-1,2,0,0,0,3,0,-1,150,0,9223372036800000000,1e+75,0,10,0,0,7,0,0,1,0,0,1,1,0,0,0,0,0,0,2,0,1,-1,-1,-1,-1,0,10,-1,1,1,3,-1,-1,-1,0,0,1,0,0,10,0,0,0,13.17
1,0,0,0,-1,0,1,1,0,0,0,0,-1,0,0,-1,2,0,-1,2,2,3,0,-1,200,0,9223372036800000000,60,0,10,0,0,7,0,0,1,0,0,0,1,0,0,0,0,0,0,2,0,1,-1,-1,-1,-1,0,10,-1,1,1,3,-1,-1,-1,0,0,1,0,0,10,0,0,0,8.76
1,0,0,0,-1,0,1,0,0,0,0,0,2,0,0,-1,2,0,-1,2,2,3,0,-1,200,0,9223372036800000000,60,0,10,0,0,7,0,0,1,0,0,1,1,0,0,0,0,0,0,2,0,1,-1,-1,-1,-1,0,10,-1,1,1,3,-1,-1,-1,0,0,1,0,0,10,0,0,0,12.23
1,0,0,0,-1,0,1,4,0,0,0,0,0,0,2,2,-1,2,1,0,0,3,0,-1,10,0,9223372036800000000,1e+75,0,10,0,0,7,0,0,1,0,0,1,1,0,0,0,0,0,0,2,0,1,-1,-1,-1,-1,0,10,-1,1,1,3,-1,-1,-1,0,0,1,0,0,10,0,0,0,19.41
1,0,0,0,-1,0,1,0,0,0,0,0,2,3,-1,0,-1,1,0,-1,-1,3,0,4,400,0,9223372036800000000,50,0,10,0,0,7,0,1,1,40,0,3,1,0,0,0,0,0,0,2,0,1,-1,-1,-1,-1,0,10,-1,1,1,3,-1,-1,5,0,0,1,0,0,10,0,0,0,12.89
1,0,0,0,-1,0,1,4,0,0,0,0,0,0,2,2,-1,2,1,0,0,3,0,-1,150,0,9223372036800000000,1e+75,0,10,0,0,7,0,0,1,0,0,1,1,0,0,0,0,0,0,2,0,1,-1,-1,-1,-1,0,10,-1,1,1,3,-1,-1,-1,0,0,1,0,0,10,0,0,0,16.01
1,0,0,0,-1,0,1,1,0,0,0,0,2,0,0,-1,2,0,-1,2,2,3,0,-1,200,0,9223372036800000000,60,0,10,0,0,7,0,2,1,0,0,1,1,0,0,0,0,0,0,2,0,1,-1,-1,-1,-1,0,10,-1,1,1,3,-1,-1,1,0,0,1,0,0,10,0,0,0,5.51
1,0,0,0,-1,0,1,0,0,0,0,0,0,0,2,-1,-1,2,0,0,0,3,0,-1,150,0,9223372036800000000,1e+75,0,10,0,0,7,0,0,1,0,0,1,1,0,0,0,0,0,0,2,0,1,-1,-1,-1,-1,0,10,-1,1,1,3,-1,-1,-1,0,0,1,0,0,10,0,0,0,12.62
1,0,0,0,-1,0,1,4,0,0,0,0,0,0,2,2,-1,2,1,0,0,3,0,-1,100,0,9223372036800000000,1e+75,0,10,0,0,7,0,0,1,0,0,1,1,0,0,0,0,0,0,2,0,1,-1,-1,-1,-1,0,10,-1,1,1,3,-1,-1,-1,0,0,1,0,0,10,0,0,0,16.23
1,0,0,0,-1,0,1,1,0,0,0,0,2,0,0,-1,2,2,-1,2,2,3,0,-1,150,0,9223372036800000000,1e+75,0,10,0,0,7,0,0,1,0,0,1,1,0,0,0,0,0,0,2,0,1,-1,-1,-1,-1,0,10,-1,1,1,3,-1,-1,-1,0,0,1,0,0,10,0,0,0,6.85
1,0,0,0,-1,0,1,5,0,0,0,0,0,0,2,-1,-1,2,0,0,0,3,0,-1,150,0,9223372036800000000,1e+75,0,10,0,0,7,0,0,1,0,0,1,1,0,0,0,0,0,0,2,0,1,-1,-1,-1,-1,0,10,-1,1,1,3,-1,-1,-1,0,0,1,0,0,10,0,0,0,19.01
1,0,0,0,-1,0,1,0,0,0,0,0,2,0,-1,0,-1,0,2,2,-1,3,0,4,400,0,9223372036800000000,1,0,10,0,0,7,0,1,1,500,0,3,1,0,0,0,0,1,0,2,0,1,-1,-1,-1,-1,0,10,-1,1,1,3,-1,-1,0,0,0,1,0,0,10,0,0,0,1.79769e+308
1,0,0,0,-1,0,1,1,0,0,0,0,2,0,0,-1,2,0,-1,0,2,3,0,-1,200,0,9223372036800000000,1e+75,0,10,0,0,7,0,0,1,0,0,1,1,0,0,0,0,0,0,2,0,1,-1,-1,-1,-1,0,10,-1,1,1,3,-1,-1,-1,0,0,1,0,0,10,0,0,0,8.24
1,0,0,0,-1,0,1,1,0,0,0,0,3,0,-1,-1,1,-1,2,-1,-1,3,0,-1,200,0,9223372036800000000,10,0,10,0,0,7,0,0,1,0,0,3,1,0,0,0,0,0,0,2,0,1,-1,-1,-1,-1,0,10,-1,1,1,3,-1,-1,-1,0,0,1,0,0,10,0,0,0,21.73
1,0,0,0,-1,0,1,1,0,0,0,0,3,0,-1,1,1,-1,2,-1,-1,3,0,-1,200,0,9223372036800000000,10,0,10,0,0,7,0,0,1,0,0,3,1,0,0,0,0,0,0,2,0,1,-1,-1,-1,-1,0,10,-1,1,1,3,-1,-1,-1,0,0,1,0,0,10,0,0,0,18.55
1,0,0,0,-1,0,1,0,0,0,0,0,0,0,0,0,0,-1,0,0,0,3,0,-1,200,0,9223372036800000000,1e+75,0,10,0,0,7,0,0,1,0,0,1,1,0,0,0,0,0,0,2,0,1,-1,-1,-1,-1,0,10,-1,1,1,3,-1,-1,-1,0,0,1,0,0,10,0,0,0,21.23
1,0,0,0,-1,0,1,5,0,0,0,0,2,0,0,-1,2,0,-1,2,2,3,0,-1,200,0,9223372036800000000,1e+75,0,10,0,0,7,0,0,1,0,0,1,1,0,0,0,0,0,0,2,0,1,-1,-1,-1,-1,0,10,-1,1,1,3,-1,-1,-1,0,0,1,0,0,10,0,0,0,15.04
1,0,0,0,-1,0,1,1,0,0,0,0,2,0,0,-1,2,0,-1,2,2,3,0,-1,200,0,9223372036800000000,1e+75,0,10,0,0,7,0,0,1,0,0,1,1,0,-1,0,0,0,0,2,0,1,-1,-1,-1,-1,0,10,-1,1,1,3,-1,-1,-1,0,0,1,0,0,10,0,0,0,18.88
1,0,0,0,-1,0,1,2,0,0,0,0,1,1,2,0,-1,2,0,0,0,3,0,-1,200,0,9223372036800000000,240,0,10,0,0,7,0,3,1,0,0,1,1,0,0,0,0,0,0,2,0,1,-1,-1,-1,-1,0,10,-1,1,1,3,-1,-1,-1,0,0,1,0,0,10,0,0,0,11.27
1,0,0,0,-1,0,1,0,0,0,0,0,0,0,0,2,0,0,0,0,-1,3,0,-1,800,0,9223372036800000000,1e+75,0,10,0,0,7,0,0,1,0,0,1,1,0,0,0,0,0,0,2,0,1,-1,-1,-1,-1,0,10,-1,1,1,3,-1,-1,-1,0,0,1,0,0,10,0,0,0,13.12
1,0,0,0,-1,0,1,4,0,0,0,0,-1,3,0,-1,1,0,1,0,-1,3,0,-1,100,0,9223372036800000000,0,0,10,0,0,7,0,1,1,-1,0,0,1,0,0,0,0,0,4,2,0,1,-1,-1,-1,-1,0,10,-1,1,1,3,-1,-1,5,0,0,1,0,0,10,0,0,0,10.43
1,0,0,0,-1,0,1,1,0,0,0,0,0,0,2,1,0,0,0,0,2,3,0,-1,50,0,9223372036800000000,1e+75,0,10,0,0,7,0,0,1,0,0,1,1,0,0,0,0,0,0,2,0,1,-1,-1,-1,-1,0,10,-1,1,1,3,-1,-1,-1,0,0,1,0,0,10,0,0,0,15.06
1,0,0,0,-1,0,1,1,0,0,0,0,2,0,0,-1,2,0,2,2,2,3,0,-1,200,0,9223372036800000000,1e+75,0,10,0,0,7,0,0,1,0,0,1,1,0,0,0,0,0,0,2,0,1,-1,-1,-1,-1,0,10,-1,1,1,3,-1,-1,-1,0,0,1,0,0,10,0,0,0,6.33
1,0,0,0,-1,0,1,1,0,0,0,0,2,0,0,-1,2,0,-1,2,2,3,0,1,200,0,9223372036800000000,60,0,10,0,0,7,0,2,1,0,0,1,1,0,0,0,0,0,0,2,0,1,-1,-1,-1,-1,0,10,-1,1,1,3,-1,-1,-1,0,0,1,0,0,10,0,0,0,20.69
1,0,0,0,-1,0,1,0,0,0,0,0,2,0,0,-1,2,0,-1,2,-1,3,0,8,100,0,9223372036800000000,60,0,10,0,0,7,0,3,1,0,0,0,1,0,0,0,0,0,0,2,0,1,-1,-1,-1,-1,0,10,-1,1,1,3,-1,-1,-1,0,0,1,0,0,10,0,0,0,16.85
1,0,0,0,-1,0,1,1,0,0,0,0,2,0,0,-1,2,0,-1,2,2,3,0,-1,200,0,9223372036800000000,60,0,10,0,0,7,0,2,1,0,0,1,1,0,0,0,0,0,0,2,0,1,-1,-1,-1,-1,0,10,-1,1,1,3,-1,-1,-1,0,0,1,0,0,10,0,0,0,5.3
1,0,0,0,-1,0,1,0,0,0,0,0,2,0,-1,0,-1,0,2,2,-1,3,0,4,400,0,9223372036800000000,1,0,10,0,0,7,0,1,1,500,0,3,1,0,0,0,0,3,0,2,0,1,-1,-1,-1,-1,0,10,-1,1,1,3,-1,-1,0,0,0,1,0,0,10,0,0,0,1.79769e+308
1,0,0,0,-1,0,1,0,0,0,0,0,-1,0,0,2,0,0,0,0,0,3,0,-1,800,0,9223372036800000000,1e+75,0,10,0,0,7,0,0,1,0,0,1,1,0,0,0,0,0,0,2,0,1,-1,-1,-1,-1,0,10,-1,1,1,3,-1,-1,-1,0,0,1,0,0,10,0,0,0,10.9
1,0,0,0,-1,0,1,0,0,0,0,0,0,0,0,2,0,0,0,0,1,3,0,-1,800,0,9223372036800000000,1e+75,0,10,0,0,7,0,0,1,0,0,1,1,0,0,0,0,0,0,2,0,1,-1,-1,-1,-1,0,10,-1,1,1,3,-1,-1,-1,0,0,1,0,0,10,0,0,0,13.12
1,0,0,0,-1,0,1,1,0,0,0,0,2,0,2,-1,2,0,-1,2,2,3,0,-1,200,0,9223372036800000000,1e+75,0,10,0,0,7,0,0,1,0,0,1,1,0,0,0,0,0,0,2,0,1,-1,-1,-1,-1,0,10,-1,1,1,3,-1,-1,-1,0,0,1,0,0,10,0,0,0,6.33
1,0,0,0,-1,2,1,1,0,0,0,0,0,2,0,0,2,1,1,-1,2,10,0,-1,10,0,9223372036800000000,120,0,10,0,0,7,0,0,1,1000,0,1,1,0,0,0,0,0,1,2,0,1,-1,-1,-1,-1,0,10,-1,1,1,3,-1,-1,1,0,0,1,0,0,10,0,0,0,19.84
1,0,0,0,-1,0,1,0,0,0,0,0,0,0,3,2,0,0,0,0,0,3,0,-1,800,0,9223372036800000000,1e+75,0,10,0,0,7,0,0,1,0,0,1,1,0,0,0,0,0,0,2,0,1,-1,-1,-1,-1,0,10,-1,1,1,3,-1,-1,-1,0,0,1,0,0,10,0,0,0,20.54
1,0,0,0,-1,0,1,0,0,0,0,0,2,0,0,-1,2,0,-1,2,2,3,0,-1,200,0,9223372036800000000,1e+75,0,10,0,0,7,0,0,1,0,0,1,1,0,0,0,0,0,0,2,0,1,-1,-1,-1,-1,0,10,-1,1,1,3,-1,-1,-1,0,0,1,0,0,10,0,0,0,6.87
1,0,0,0,-1,0,1,0,0,0,0,0,-1,0,0,-1,2,0,-1,2,-1,3,0,-1,100,0,9223372036800000000,60,0,10,0,0,7,0,3,1,0,0,0,1,0,0,0,0,0,0,2,0,1,-1,-1,-1,-1,0,10,-1,1,1,3,-1,-1,-1,0,0,1,0,0,10,0,0,0,13.73
1,0,0,0,-1,0,1,0,0,0,0,0,2,0,0,-1,2,0,-1,2,-1,3,0,-1,100,0,9223372036800000000,60,0,10,0,0,7,0,3,1,0,0,0,1,0,0,0,0,0,0,2,0,1,-1,-1,-1,-1,0,10,-1,1,1,3,-1,-1,4,0,0,1,0,0,10,0,0,0,13.73
1,0,0,0,-1,0,1,1,0,0,0,0,2,0,0,-1,2,0,-1,2,2,3,0,-1,200,0,9223372036800000000,1e+75,0,10,0,0,7,0,0,1,0,0,2,1,0,0,0,0,0,0,2,0,1,-1,-1,-1,-1,0,10,-1,1,1,3,-1,-1,-1,0,0,1,0,0,10,0,0,0,6.33
1,0,0,0,-1,0,1,0,0,0,0,0,0,0,3,0,0,0,0,0,0,3,0,-1,800,0,9223372036800000000,1e+75,0,10,0,0,7,0,0,1,0,0,1,1,0,0,0,0,0,0,2,0,1,-1,-1,-1,-1,0,10,-1,1,1,3,-1,-1,-1,0,0,1,0,0,10,0,0,0,17.94
1,0,0,0,-1,0,1,1,0,0,0,0,2,0,0,-1,2,0,-1,-1,2,3,0,-1,200,0,9223372036800000000,1e+75,0,10,0,0,7,0,0,1,0,0,1,1,0,0,0,0,0,0,2,0,1,-1,-1,-1,-1,0,10,-1,1,1,3,-1,-1,-1,0,0,1,0,0,10,0,0,0,15.29
1,0,0,0,-1,0,1,1,0,0,0,0,2,0,0,-1,2,0,-1,2,-1,3,0,-1,200,0,9223372036800000000,5,0,10,0,0,7,0,0,1,0,0,0,1,0,0,0,0,0,0,2,0,1,-1,-1,-1,-1,0,10,-1,1,1,3,-1,-1,-1,0,0,1,0,0,10,0,0,0,4.96
1,0,0,0,-1,0,1,2,0,0,0,0,2,2,0,-1,2,0,-1,2,-1,1,0,-1,100,0,9223372036800000000,60,0,10,0,0,7,0,0,1,500,0,0,1,0,0,0,0,0,3,2,0,1,-1,-1,-1,-1,0,10,-1,1,1,3,-1,-1,-1,0,0,1,0,0,10,0,0,0,6.79
1,0,0,0,-1,0,1,0,0,0,0,0,2,0,0,-1,2,0,-1,2,-1,3,0,16,100,0,9223372036800000000,60,0,10,0,0,7,0,3,1,0,0,0,1,0,0,0,0,0,0,2,0,1,-1,-1,-1,-1,0,10,-1,1,1,3,-1,-1,-1,0,0,1,0,0,10,0,0,0,13.73
1,0,0,0,-1,0,1,1,0,0,0,0,2,2,0,-1,2,0,-1,2,2,3,0,-1,200,0,9223372036800000000,60,0,10,0,0,7,0,0,1,0,0,0,1,0,0,0,0,0,0,2,0,1,-1,-1,-1,-1,0,10,-1,1,1,3,-1,-1,-1,0,0,1,0,0,10,0,0,0,9.04
1,0,0,0,-1,0,1,5,0,0,0,0,-1,0,1,0,-1,2,0,-1,1,3,0,-1,800,0,9223372036800000000,0,0,10,0,0,7,0,0,1,0,0,1,1,0,0,0,0,0,0,2,0,1,-1,-1,-1,-1,0,10,-1,1,1,3,-1,-1,-1,0,0,1,0,0,10,0,0,0,11.64
1,0,0,0,-1,0,1,2,0,0,0,0,2,0,1,0,-1,2,0,-1,1,3,0,-1,800,0,9223372036800000000,30,0,10,0,0,7,0,0,1,0,0,1,1,0,0,0,0,0,0,2,0,1,-1,-1,-1,-1,0,10,-1,1,1,3,-1,-1,-1,0,0,1,0,0,10,0,0,0,12.44
1,0,0,0,-1,0,1,3,0,0,0,0,0,0,0,2,0,0,0,0,0,3,0,-1,800,0,9223372036800000000,1e+75,0,10,0,0,7,0,0,1,0,0,1,1,0,0,0,0,0,0,2,0,1,-1,-1,-1,-1,0,10,-1,1,1,3,-1,-1,-1,0,0,1,0,0,10,0,0,0,1.79769e+308
1,0,0,0,-1,0,1,1,0,0,0,0,2,0,0,-1,2,0,-1,2,2,3,0,-1,200,0,9223372036800000000,10,0,10,0,0,7,0,0,1,0,0,0,1,0,0,0,0,0,0,2,0,1,-1,-1,-1,-1,0,10,-1,1,1,3,-1,-1,-1,0,0,1,0,0,10,0,0,0,12.5
1,0,0,0,-1,0,1,0,0,0,0,0,1,0,0,-1,2,0,-1,2,-1,3,0,-1,100,0,9223372036800000000,60,0,10,0,0,7,0,3,1,0,0,0,1,0,0,0,0,0,0,2,0,1,-1,-1,-1,-1,0,10,-1,1,1,3,-1,-1,-1,0,0,1,0,0,10,0,0,0,13.73
1,0,0,0,-1,0,1,2,0,0,0,0,3,1,2,0,-1,2,0,0,0,3,0,-1,200,0,9223372036800000000,240,0,10,0,0,7,0,3,1,0,0,1,1,0,0,0,0,0,0,2,0,1,-1,-1,-1,-1,0,10,-1,1,1,3,-1,-1,-1,0,0,1,0,0,10,0,0,0,16.1
1,0,0,0,-1,0,1,0,0,0,0,0,0,0,-1,2,0,0,0,0,0,3,0,-1,800,0,9223372036800000000,1e+75,0,10,0,0,7,0,0,1,0,0,1,1,0,0,0,0,0,0,2,0,1,-1,-1,-1,-1,0,10,-1,1,1,3,-1,-1,-1,0,0,1,0,0,10,0,0,0,14.17
1,0,0,0,-1,0,1,0,0,0,0,0,0,0,2,-1,0,-1,0,0,2,3,0,-1,50,0,9223372036800000000,1e+75,0,10,0,0,7,0,0,1,0,0,1,1,0,0,0,0,0,0,2,0,1,-1,-1,-1,-1,0,10,-1,1,1,3,-1,-1,-1,0,0,1,0,0,10,0,0,0,15.75
1,0,0,0,-1,3,1,5,0,0,0,0,2,0,1,0,-1,2,0,2,0,10,0,4,10,0,9223372036800000000,120,0,10,0,0,7,0,2,1,40,0,1,1,0,0,0,0,0,2,2,0,1,-1,-1,-1,-1,0,10,-1,1,1,3,-1,-1,2,0,0,1,0,0,10,0,0,0,6.22
1,0,0,0,-1,0,1,1,0,0,0,0,0,0,2,1,0,-1,0,0,2,3,0,-1,50,0,9223372036800000000,1e+75,0,10,0,0,7,0,0,1,0,0,1,1,0,0,0,0,0,0,2,0,1,-1,-1,-1,-1,0,10,-1,1,1,3,-1,-1,-1,0,0,1,0,0,10,0,0,0,18.12
1,0,0,0,-1,0,1,1,0,0,0,0,2,0,0,-1,2,-1,-1,2,2,3,0,-1,150,0,9223372036800000000,1e+75,0,10,0,0,7,0,0,1,0,0,1,1,0,0,0,0,0,0,2,0,1,-1,-1,-1,-1,0,10,-1,1,1,3,-1,-1,-1,0,0,1,0,0,10,0,0,0,7.85
1,0,0,0,-1,0,1,1,0,0,0,0,0,0,2,-1,0,0,0,0,2,3,0,-1,100,0,9223372036800000000,1e+75,0,10,0,0,7,0,0,1,0,0,1,1,0,0,0,0,0,0,2,0,1,-1,-1,-1,-1,0,10,-1,1,1,3,-1,-1,-1,0,0,1,0,0,10,0,0,0,8.49
1,0,0,0,-1,0,1,4,0,0,0,0,-1,3,0,-1,1,-1,1,0,-1,3,0,-1,100,0,9223372036800000000,2,0,10,0,0,7,0,1,1,-1,0,0,1,0,0,0,0,0,4,2,0,1,-1,-1,-1,-1,0,10,-1,1,1,3,-1,-1,5,0,0,1,0,0,10,0,0,0,9.17
1,0,0,0,-1,0,1,1,0,0,0,0,2,0,0,-1,2,0,-1,2,2,3,0,-1,200,0,9223372036800000000,2,0,10,0,0,7,0,0,1,0,0,1,1,0,0,0,0,0,0,2,0,1,-1,-1,-1,-1,0,10,-1,1,1,3,-1,-1,-1,0,0,1,0,0,10,0,0,0,18.88
1,0,0,0,-1,0,1,0,0,0,0,0,0,0,0,2,0,0,0,1,0,3,0,-1,800,0,9223372036800000000,1e+75,0,10,0,0,7,0,0,1,0,0,1,1,0,0,0,0,0,0,2,0,1,-1,-1,-1,-1,0,10,-1,1,1,3,-1,-1,-1,0,0,1,0,0,10,0,0,0,14.15
1,0,0,0,-1,0,1,1,0,0,0,0,2,0,0,-1,2,0,-1,2,2,3,0,-1,200,0,9223372036800000000,60,0,10,0,0,7,0,2,1,0,0,1,1,0,0,0,0,0,0,2,0,1,-1,-1,-1,-1,0,10,-1,1,1,3,-1,-1,0,0,0,1,0,0,10,0,0,0,5.3
1,0,0,0,-1,0,1,0,0,0,0,0,2,3,-1,0,-1,1,0,-1,-1,3,0,4,400,0,9223372036800000000,30,0,10,0,0,7,0,1,1,500,0,3,1,0,0,0,0,0,0,2,0,1,-1,-1,-1,-1,0,10,-1,1,1,3,-1,-1,5,0,0,1,0,0,10,0,0,0,13.15
1,0,0,0,-1,0,1,0,0,0,0,0,0,0,0,0,0,0,0,0,0,3,0,-1,200,0,9223372036800000000,1e+75,0,10,0,0,7,0,0,1,0,0,1,1,0,0,0,0,0,0,2,0,1,-1,-1,-1,-1,0,10,-1,1,1,3,-1,-1,-1,0,0,1,0,0,10,0,0,0,14.93
1,0,0,0,-1,0,1,4,0,0,0,0,0,0,2,-1,0,0,0,0,2,3,0,-1,50,0,9223372036800000000,1e+75,0,10,0,0,7,0,0,1,0,0,1,1,0,0,0,0,0,0,2,0,1,-1,-1,-1,-1,0,10,-1,1,1,3,-1,-1,-1,0,0,1,0,0,10,0,0,0,10.69
1,0,0,0,-1,0,1,4,0,0,0,0,-1,3,0,-1,1,-1,1,0,-1,3,0,-1,100,0,9223372036800000000,0,0,10,0,0,7,0,1,1,-1,0,0,1,0,0,0,0,0,4,2,0,1,-1,-1,-1,-1,0,10,-1,1,1,3,-1,-1,5,0,0,1,0,0,10,0,0,0,9.17
1,0,0,0,-1,0,1,0,0,0,0,0,2,0,0,-1,2,0,-1,2,-1,3,0,-1,100,0,9223372036800000000,60,0,10,0,0,7,0,0,1,0,0,0,1,0,0,0,0,0,0,2,0,1,-1,-1,-1,-1,0,10,-1,1,1,3,-1,-1,-1,0,0,1,0,0,10,0,0,0,2.41
1,0,0,0,-1,0,1,0,0,0,0,0,0,0,2,-1,-1,2,0,2,0,3,0,-1,150,0,9223372036800000000,1e+75,0,10,0,0,7,0,0,1,0,0,1,1,0,0,0,0,0,0,2,0,1,-1,-1,-1,-1,0,10,-1,1,1,3,-1,-1,-1,0,0,1,0,0,10,0,0,0,1.79769e+308
1,0,0,0,-1,0,1,0,0,0,0,0,0,0,0,0,0,0,0,0,0,3,0,-1,800,0,9223372036800000000,1e+75,0,10,0,0,7,0,0,1,0,0,1,1,0,0,0,0,0,0,2,0,1,-1,-1,-1,-1,0,10,-1,1,1,3,-1,-1,-1,0,0,1,0,0,10,0,0,0,13.33
1,0,0,0,-1,0,1,0,0,0,0,0,0,0,0,0,2,0,0,0,0,3,0,-1,200,0,9223372036800000000,1e+75,0,10,0,0,7,0,0,1,0,0,1,1,0,0,0,0,0,0,2,0,1,-1,-1,-1,-1,0,10,-1,1,1,3,-1,-1,-1,0,0,1,0,0,10,0,0,0,14.93
1,0,0,0,-1,0,1,0,0,0,0,0,0,0,0,-1,0,0,0,0,0,3,0,-1,800,0,9223372036800000000,1e+75,0,10,0,0,7,0,0,1,0,0,1,1,0,0,0,0,0,0,2,0,1,-1,-1,-1,-1,0,10,-1,1,1,3,-1,-1,-1,0,0,1,0,0,10,0,0,0,14.61
1,0,0,0,-1,0,1,1,0,0,0,0,2,0,0,-1,2,0,-1,2,2,3,0,-1,200,0,9223372036800000000,30,0,10,0,0,7,0,0,1,0,0,0,1,0,0,0,0,0,0,2,0,1,-1,-1,-1,-1,0,10,-1,1,1,3,-1,-1,-1,0,0,1,0,0,10,0,0,0,8.88
1,0,0,0,-1,0,1,0,0,0,0,0,0,0,0,2,0,0,0,0,0,3,0,-1,400,0,9223372036800000000,1e+75,0,10,0,0,7,0,0,1,0,0,1,1,0,0,0,0,0,0,2,0,1,-1,-1,-1,-1,0,10,-1,1,1,3,-1,-1,-1,0,0,1,0,0,10,0,0,0,15.86
1,0,0,0,-1,0,1,1,0,0,0,0,0,0,0,-1,0,0,0,0,2,3,0,-1,50,0,9223372036800000000,1e+75,0,10,0,0,7,0,0,1,0,0,1,1,0,0,0,0,0,0,2,0,1,-1,-1,-1,-1,0,10,-1,1,1,3,-1,-1,-1,0,0,1,0,0,10,0,0,0,6.98
1,0,0,0,-1,0,1,4,0,0,0,0,0,0,2,-1,-1,2,0,0,0,3,0,-1,150,0,9223372036800000000,1e+75,0,10,0,0,7,0,0,1,0,0,1,1,0,0,0,0,0,0,2,0,1,-1,-1,-1,-1,0,10,-1,1,1,3,-1,-1,-1,0,0,1,0,0,10,0,0,0,13.82
1,0,0,0,-1,3,1,5,0,0,0,0,2,0,1,0,-1,2,0,2,0,10,0,16,10,0,9223372036800000000,120,0,10,0,0,7,0,2,1,40,0,1,1,0,0,0,0,0,2,2,0,1,-1,-1,-1,-1,0,10,-1,1,1,3,-1,-1,3,0,0,1,0,0,10,0,0,0,6.22
1,0,0,0,-1,0,1,1,0,0,0,0,2,0,0,-1,2,0,-1,2,2,3,0,16,200,0,9223372036800000000,60,0,10,0,0,7,0,2,1,0,0,1,1,0,0,0,0,0,0,2,0,1,-1,-1,-1,-1,0,10,-1,1,1,3,-1,-1,-1,0,0,1,0,0,10,0,0,0,5.41
1,0,0,0,-1,0,1,0,0,0,0,0,2,2,0,1,2,0,-1,2,-1,3,0,-1,100,0,9223372036800000000,60,0,10,0,0,7,0,0,1,0,0,0,1,0,0,0,0,0,0,2,0,1,-1,-1,-1,-1,0,10,-1,1,1,3,-1,-1,-1,0,0,1,0,0,10,0,0,0,15.75
1,0,0,0,-1,0,1,4,0,0,0,0,-1,3,0,-1,1,-1,1,2,-1,3,0,-1,100,0,9223372036800000000,0,0,10,0,0,7,0,1,1,-1,0,0,1,0,0,0,0,0,4,2,0,1,-1,-1,-1,-1,0,10,-1,1,1,3,-1,-1,5,0,0,1,0,0,10,0,0,0,10.41
1,0,0,0,-1,0,1,1,0,0,0,0,1,0,0,-1,2,0,-1,2,2,3,0,-1,200,0,9223372036800000000,1e+75,0,10,0,0,7,0,0,1,0,0,1,1,0,0,0,0,0,0,2,0,1,-1,-1,-1,-1,0,10,-1,1,1,3,-1,-1,-1,0,0,1,0,0,10,0,0,0,6.33
1,0,0,0,-1,0,1,1,0,0,0,0,0,0,2,0,0,0,0,0,2,3,0,-1,50,0,9223372036800000000,1e+75,0,10,0,0,7,0,0,1,0,0,1,1,0,0,0,0,0,0,2,0,1,-1,-1,-1,-1,0,10,-1,1,1,3,-1,-1,-1,0,0,1,0,0,10,0,0,0,8.72
1,0,0,0,-1,2,1,1,0,0,0,0,0,2,0,0,2,1,1,-1,2,10,0,-1,10,0,9223372036800000000,120,0,10,0,0,7,0,0,1,1000,0,1,1,0,0,0,0,0,1,2,0,1,-1,-1,-1,-1,0,10,-1,1,1,3,-1,-1,5,0,0,1,0,0,10,0,0,0,17.27
1,0,0,0,-1,2,1,0,0,0,0,0,2,0,-1,0,-1,0,2,2,-1,3,0,4,400,0,9223372036800000000,1,0,10,0,0,7,0,1,1,500,0,3,1,0,0,0,0,0,0,2,0,1,-1,-1,-1,-1,0,10,-1,1,1,3,-1,-1,0,0,0,1,0,0,10,0,0,0,10.88
1,0,0,0,-1,0,1,1,0,0,0,0,2,0,0,-1,2,0,-1,2,2,3,0,-1,200,0,9223372036800000000,60,0,10,0,0,7,0,2,1,1000,0,1,1,0,0,0,0,0,0,2,0,1,-1,-1,-1,-1,0,10,-1,1,1,3,-1,-1,-1,0,0,1,0,0,10,0,0,0,18.51
1,0,0,0,-1,0,1,1,0,0,0,0,2,0,0,-1,2,0,-1,2,2,3,0,-1,10,0,9223372036800000000,60,0,10,0,0,7,0,0,1,0,0,1,1,0,0,0,0,0,0,2,0,1,-1,-1,-1,-1,0,10,-1,1,1,3,-1,-1,-1,0,0,1,0,0,10,0,0,0,11.86
1,0,0,0,-1,2,1,1,0,0,0,0,0,2,0,0,2,1,1,-1,2,10,0,-1,150,0,9223372036800000000,120,0,10,0,0,7,0,0,1,1000,0,1,1,0,0,0,0,0,1,2,0,1,-1,-1,-1,-1,0,10,-1,1,1,3,-1,-1,5,0,0,1,0,0,10,0,0,0,24.09
1,0,0,0,-1,0,1,0,0,0,0,0,0,0,-1,0,0,0,0,0,0,3,0,-1,200,0,9223372036800000000,1e+75,0,10,0,0,7,0,0,1,0,0,1,1,0,0,0,0,0,0,2,0,1,-1,-1,-1,-1,0,10,-1,1,1,3,-1,-1,-1,0,0,1,0,0,10,0,0,0,15.54
1,0,0,0,-1,0,1,0,0,0,0,0,0,0,-1,-1,-1,2,0,0,0,3,0,-1,150,0,9223372036800000000,1e+75,0,10,0,0,7,0,0,1,0,0,1,1,0,0,0,0,0,0,2,0,1,-1,-1,-1,-1,0,10,-1,1,1,3,-1,-1,-1,0,0,1,0,0,10,0,0,0,12.41
1,0,0,0,-1,0,1,1,0,0,0,0,2,0,0,-1,2,0,-1,2,2,3,0,-1,200,0,9223372036800000000,60,0,10,0,0,7,0,2,1,0,0,1,1,0,0,0,0,0,0,2,0,1,-1,-1,-1,-1,1,10,-1,1,1,3,-1,-1,-1,0,0,1,0,0,10,0,0,0,7.86
1,0,0,0,-1,0,1,0,0,0,0,0,2,0,0,-1,2,0,-1,2,-1,3,0,-1,100,0,9223372036800000000,60,0,10,0,0,7,0,1,1,0,0,0,1,0,0,0,0,0,0,2,0,1,-1,-1,-1,-1,0,10,-1,1,1,3,-1,-1,-1,0,0,1,0,0,10,0,0,0,2.46
1,0,0,0,-1,0,1,0,0,0,0,0,2,0,0,-1,2,0,-1,2,-1,3,0,-1,200,0,9223372036800000000,60,0,10,0,0,7,0,3,1,0,0,0,1,0,0,0,0,0,0,2,0,1,-1,-1,-1,-1,0,10,-1,1,1,3,-1,-1,-1,0,0,1,0,0,10,0,0,0,3.64
1,0,0,0,-1,0,1,0,0,0,0,0,0,0,0,0,0,0,0,0,0,3,0,-1,100,0,9223372036800000000,1e+75,0,10,0,0,7,0,0,1,0,0,1,1,0,0,0,0,0,0,2,0,1,-1,-1,-1,-1,0,10,-1,1,1,3,-1,-1,-1,0,0,1,0,0,10,0,0,0,14.1
1,0,0,0,-1,0,1,0,0,0,0,0,0,0,2,-1,-1,2,0,1,0,3,0,-1,150,0,9223372036800000000,1e+75,0,10,0,0,7,0,0,1,0,0,1,1,0,0,0,0,0,0,2,0,1,-1,-1,-1,-1,0,10,-1,1,1,3,-1,-1,-1,0,0,1,0,0,10,0,0,0,18.22
1,0,0,0,-1,0,1,1,0,0,0,0,2,0,0,-1,2,0,-1,2,2,3,0,-1,200,0,9223372036800000000,60,0,10,0,0,7,0,2,1,0,0,1,1,0,0,200,0,0,0,2,0,1,-1,-1,-1,-1,0,10,-1,1,1,3,-1,-1,-1,0,0,1,0,0,10,0,0,0,7.71
1,0,0,0,-1,0,1,0,0,0,0,0,2,0,0,-1,2,0,-1,2,-1,3,0,2,100,0,9223372036800000000,60,0,10,0,0,7,0,3,1,0,0,0,1,0,0,0,0,0,0,2,0,1,-1,-1,-1,-1,0,10,-1,1,1,3,-1,-1,-1,0,0,1,0,0,10,0,0,0,2.45
1,0,0,0,-1,0,1,1,0,0,0,0,0,0,2,-1,2,-1,1,0,2,3,0,-1,50,0,9223372036800000000,1e+75,0,10,0,0,7,0,0,1,0,0,1,1,0,0,0,0,0,0,2,0,1,-1,-1,-1,-1,0,10,-1,1,1,3,-1,-1,-1,0,0,1,0,0,10,0,0,0,8.95
1,0,0,0,-1,0,1,0,0,0,0,0,2,0,1,-1,2,0,-1,2,-1,3,0,-1,100,0,9223372036800000000,60,0,10,0,0,7,0,3,1,0,0,0,1,0,0,0,0,0,0,2,0,1,-1,-1,-1,-1,0,10,-1,1,1,3,-1,-1,-1,0,0,1,0,0,10,0,0,0,16.46
1,0,0,0,-1,0,1,0,0,0,0,0,2,0,0,-1,2,0,-1,2,-1,3,0,1,100,0,9223372036800000000,60,0,10,0,0,7,0,0,1,0,0,0,1,0,0,0,0,0,0,2,0,1,-1,-1,-1,-1,0,10,-1,1,1,3,-1,-1,-1,0,0,1,0,0,10,0,0,0,14.84
1,0,0,0,-1,0,1,1,0,0,0,0,2,0,0,1,2,0,-1,2,2,3,0,-1,200,0,9223372036800000000,1e+75,0,10,0,0,7,0,0,1,0,0,1,1,0,0,0,0,0,0,2,0,1,-1,-1,-1,-1,0,10,-1,1,1,3,-1,-1,-1,0,0,1,0,0,10,0,0,0,6.92
1,0,0,0,-1,2,1,1,0,0,0,0,0,2,0,0,2,1,1,-1,2,1,0,-1,10,0,9223372036800000000,120,0,10,0,0,7,0,0,1,1000,0,1,1,0,0,0,0,0,1,2,0,1,-1,-1,-1,-1,0,10,-1,1,1,3,-1,-1,5,0,0,1,0,0,10,0,0,0,20.26
1,0,0,0,-1,0,1,0,0,0,0,0,0,0,2,-1,-1,2,0,0,1,3,0,-1,150,0,9223372036800000000,1e+75,0,10,0,0,7,0,0,1,0,0,1,1,0,0,0,0,0,0,2,0,1,-1,-1,-1,-1,0,10,-1,1,1,3,-1,-1,-1,0,0,1,0,0,10,0,0,0,13.02
1,0,0,0,-1,0,1,1,0,0,0,0,2,0,0,-1,-1,0,-1,2,2,3,0,-1,200,0,9223372036800000000,1e+75,0,10,0,0,7,0,0,1,0,0,1,1,0,0,0,0,0,0,2,0,1,-1,-1,-1,-1,0,10,-1,1,1,3,-1,-1,-1,0,0,1,0,0,10,0,0,0,6.89
1,0,0,0,-1,0,1,1,0,0,0,0,0,0,2,-1,0,-1,0,0,2,3,0,-1,50,0,9223372036800000000,1e+75,0,10,0,0,7,0,0,1,0,0,1,1,0,0,0,0,0,0,2,0,1,-1,-1,-1,-1,0,10,-1,1,1,3,-1,-1,-1,0,0,1,0,0,10,0,0,0,8.63
1,0,0,0,-1,0,1,2,0,0,0,0,1,1,2,0,-1,2,-1,0,0,3,0,-1,200,0,9223372036800000000,240,0,10,0,0,7,0,3,1,0,0,1,1,0,0,0,0,0,0,2,0,1,-1,-1,-1,-1,0,10,-1,1,1,3,-1,-1,-1,0,0,1,0,0,10,0,0,0,12.34
1,0,0,0,-1,0,1,2,0,0,0,0,1,1,2,0,-1,2,1,0,0,3,0,-1,200,0,9223372036800000000,240,0,10,0,0,7,0,3,1,0,0,1,1,0,0,0,0,0,0,2,0,1,-1,-1,-1,-1,0,10,-1,1,1,3,-1,-1,-1,0,0,1,0,0,10,0,0,0,14.53
1,0,0,0,-1,0,1,4,0,0,0,0,2,0,0,-1,2,0,-1,2,2,3,0,-1,200,0,9223372036800000000,1e+75,0,10,0,0,7,0,0,1,0,0,1,1,0,0,0,0,0,0,2,0,1,-1,-1,-1,-1,0,10,-1,1,1,3,-1,-1,-1,0,0,1,0,0,10,0,0,0,7.27
1,0,0,0,-1,0,1,1,0,0,0,0,2,0,0,-1,2,2,-1,1,2,3,0,-1,150,0,9223372036800000000,1e+75,0,10,0,0,7,0,0,1,0,0,1,1,0,0,0,0,0,0,2,0,1,-1,-1,-1,-1,0,10,-1,1,1,3,-1,-1,-1,0,0,1,0,0,10,0,0,0,14.72
1,0,0,0,-1,0,1,0,0,0,0,0,2,0,0,-1,2,0,-1,2,-1,3,0,-1,200,0,9223372036800000000,0,0,10,0,0,7,0,0,1,0,0,0,1,0,0,0,0,0,0,2,0,1,-1,-1,-1,-1,0,10,-1,1,1,3,-1,-1,-1,0,0,1,0,0,10,0,0,0,4.06
1,0,0,0,-1,3,1,5,0,0,0,0,2,0,1,0,-1,2,0,2,0,10,0,1,10,0,9223372036800000000,120,0,10,0,0,7,0,2,1,40,0,1,1,0,0,0,0,0,2,2,0,1,-1,-1,-1,-1,0,10,-1,1,1,3,-1,-1,2,0,0,1,0,0,10,0,0,0,1.79769e+308
1,0,0,0,-1,0,1,3,0,0,0,0,2,0,0,-1,2,0,-1,2,2,3,0,-1,200,0,9223372036800000000,1e+75,0,10,0,0,7,0,0,1,0,0,1,1,0,0,0,0,0,0,2,0,1,-1,-1,-1,-1,0,10,-1,1,1,3,-1,-1,-1,0,0,1,0,0,10,0,0,0,1.79769e+308
1,0,0,0,-1,0,1,1,0,0,0,0,2,0,0,-1,2,0,-1,2,2,3,0,4,200,0,9223372036800000000,60,0,10,0,0,7,0,2,1,0,0,1,1,0,0,0,0,0,0,2,0,1,-1,-1,-1,-1,0,10,-1,1,1,3,-1,-1,-1,0,0,1,0,0,10,0,0,0,5.41
1,0,0,0,-1,0,1,0,0,0,0,0,0,0,0,2,1,0,0,0,0,3,0,-1,800,0,9223372036800000000,1e+75,0,10,0,0,7,0,0,1,0,0,1,1,0,0,0,0,0,0,2,0,1,-1,-1,-1,-1,0,10,-1,1,1,3,-1,-1,-1,0,0,1,0,0,10,0,0,0,10.9
1,0,0,0,-1,0,1,1,0,0,0,0,2,0,0,-1,2,0,-1,2,2,3,0,-1,200,0,9223372036800000000,60,0,10,0,0,7,0,2,1,0,0,1,1,0,0,0,0,0,2,2,0,1,-1,-1,-1,-1,0,10,-1,1,1,3,-1,-1,-1,0,0,1,0,0,10,0,0,0,30.11
1,0,0,0,-1,0,1,1,0,0,0,0,2,0,0,-1,2,0,-1,2,2,3,0,-1,200,0,9223372036800000000,60,0,10,0,0,7,0,2,1,0,1,1,1,0,0,0,0,0,0,2,0,1,-1,-1,-1,-1,0,10,-1,1,1,3,-1,-1,-1,0,0,1,0,0,10,0,0,0,5.51
1,0,0,0,-1,0,1,0,0,0,0,0,2,0,0,-1,2,0,-1,0,-1,3,0,-1,100,0,9223372036800000000,60,0,10,0,0,7,0,3,1,0,0,0,1,0,0,0,0,0,0,2,0,1,-1,-1,-1,-1,0,10,-1,1,1,3,-1,-1,-1,0,0,1,0,0,10,0,0,0,8.35
1,0,0,0,-1,0,1,1,0,0,0,0,2,0,0,-1,2,0,-1,2,2,3,0,-1,150,0,9223372036800000000,1e+75,0,10,0,0,7,0,0,1,0,0,1,1,0,0,0,0,0,0,2,0,1,-1,-1,-1,-1,0,10,-1,1,1,3,-1,-1,-1,0,0,1,0,0,10,0,0,0,6.42
1,0,0,0,-1,0,1,1,0,0,0,0,-1,0,2,-1,0,0,0,0,2,3,0,-1,50,0,9223372036800000000,1e+75,0,10,0,0,7,0,0,1,0,0,1,1,0,0,0,0,0,0,2,0,1,-1,-1,-1,-1,0,10,-1,1,1,3,-1,-1,-1,0,0,1,0,0,10,0,0,0,6.98
1,0,0,0,-1,0,1,1,0,0,0,0,0,0,2,-1,2,-1,0,0,2,3,0,-1,50,0,9223372036800000000,1e+75,0,10,0,0,7,0,0,1,0,0,1,1,0,0,0,0,0,0,2,0,1,-1,-1,-1,-1,0,10,-1,1,1,3,-1,-1,-1,0,0,1,0,0,10,0,0,0,8.85
1,0,0,0,-1,0,1,0,0,0,0,0,2,0,0,-1,2,0,1,2,-1,3,0,-1,100,0,9223372036800000000,60,0,10,0,0,7,0,0,1,0,0,0,1,0,0,0,0,0,0,2,0,1,-1,-1,-1,-1,0,10,-1,1,1,3,-1,-1,-1,0,0,1,0,0,10,0,0,0,2.41
1,0,0,0,-1,0,1,0,0,0,0,0,2,0,-1,0,-1,0,2,2,-1,10,0,4,400,0,9223372036800000000,1,0,10,0,0,7,0,1,1,500,0,3,1,0,0,0,0,0,0,2,0,1,-1,-1,-1,0,0,10,-1,1,1,3,-1,-1,0,0,0,1,0,0,10,0,0,0,4.09
1,0,0,0,-1,0,1,1,0,0,0,0,2,0,0,-1,2,0,-1,2,2,3,0,-1,200,0,9223372036800000000,60,0,10,0,0,7,0,2,1,0,0,1,1,0,0,0,2,0,0,2,0,1,-1,-1,-1,-1,0,10,-1,1,1,3,-1,-1,-1,0,0,1,0,0,10,0,0,0,16.67
1,0,0,0,-1,0,1,1,0,0,0,0,0,0,2,-1,0,0,0,0,-1,3,0,-1,50,0,9223372036800000000,1e+75,0,10,0,0,7,0,0,1,0,0,1,1,0,0,0,0,0,0,2,0,1,-1,-1,-1,-1,0,10,-1,1,1,3,-1,-1,-1,0,0,1,0,0,10,0,0,0,6.98
1,0,0,0,-1,0,1,1,0,0,0,0,2,0,0,-1,2,0,-1,2,2,3,0,-1,200,0,9223372036800000000,1e+75,0,10,0,0,3,0,0,1,0,0,1,1,0,0,0,0,0,0,2,0,1,-1,-1,-1,-1,0,10,-1,1,1,3,-1,-1,-1,0,0,1,0,0,10,0,0,0,21.56
1,0,0,0,-1,0,1,3,0,0,0,0,0,0,2,-1,0,0,0,0,2,3,0,-1,50,0,9223372036800000000,1e+75,0,10,0,0,7,0,0,1,0,0,1,1,0,0,0,0,0,0,2,0,1,-1,-1,-1,-1,0,10,-1,1,1,3,-1,-1,-1,0,0,1,0,0,10,0,0,0,1.79769e+308
1,0,0,0,-1,0,1,0,0,0,0,0,2,0,0,-1,2,0,-1,2,-1,3,0,-1,100,0,9223372036800000000,60,0,10,0,0,7,0,3,1,0,0,0,1,0,0,0,0,0,0,2,0,1,-1,-1,-1,-1,0,10,-1,1,1,3,-1,-1,-1,0,0,1,0,0,10,0,0,0,2.41
1,0,0,0,-1,0,1,0,0,0,0,0,2,2,0,-1,2,0,-1,2,-1,3,0,-1,400,0,9223372036800000000,60,0,10,0,0,7,0,0,1,0,0,0,1,0,0,0,0,0,0,2,0,1,-1,-1,-1,-1,0,10,-1,1,1,3,-1,-1,-1,0,0,1,0,0,10,0,0,0,5.46
1,0,0,0,-1,0,1,0,0,0,0,0,2,0,-1,0,-1,0,2,2,-1,3,0,4,400,0,9223372036800000000,1,0,10,0,0,7,0,1,1,500,0,3,1,0,0,0,0,0,0,2,0,1,-1,-1,-1,-1,0,10,-1,1,1,3,-1,-1,0,0,0,1,0,0,10,1,0,0,6.48
1,0,0,0,-1,0,1,0,0,0,0,0,0,0,2,1,-1,2,0,0,0,3,0,-1,150,0,9223372036800000000,1e+75,0,10,0,0,7,0,0,1,0,0,1,1,0,0,0,0,0,0,2,0,1,-1,-1,-1,-1,0,10,-1,1,1,3,-1,-1,-1,0,0,1,0,0,10,0,0,0,15.13
1,0,0,0,-1,0,1,0,0,0,0,0,2,0,0,-1,2,0,-1,2,-1,3,0,-1,200,0,9223372036800000000,1e+75,0,10,0,0,7,0,0,1,0,0,0,1,0,0,0,0,0,0,2,0,1,-1,-1,-1,-1,0,10,-1,1,1,3,-1,-1,-1,0,0,1,0,0,10,0,0,0,4.02
1,0,0,0,-1,0,1,4,0,0,0,0,3,0,2,0,0,-1,2,-1,2,3,0,-1,100,0,9223372036800000000,1e+75,0,10,0,0,7,0,3,1,0,0,3,1,0,0,0,0,0,0,2,0,1,-1,-1,-1,-1,0,10,-1,1,1,3,-1,-1,-1,0,0,1,0,0,10,0,0,0,15.17
1,0,0,0,-1,0,1,2,0,0,0,0,2,2,0,-1,2,0,-1,2,-1,3,0,-1,100,0,9223372036800000000,60,0,10,0,0,7,0,0,1,500,0,3,1,0,0,0,0,0,3,2,0,1,-1,-1,-1,-1,0,10,-1,1,1,3,-1,-1,-1,0,0,1,0,0,10,0,0,0,2.15
1,0,0,0,-1,0,1,4,0,0,0,0,3,0,2,0,0,-1,2,-1,2,3,0,-1,100,0,9223372036800000000,60,0,10,0,0,7,0,3,1,0,0,3,1,0,0,0,0,0,0,2,0,1,-1,-1,-1,-1,0,10,-1,1,1,3,-1,-1,-1,0,0,1,0,0,10,0,0,0,15.17
1,0,0,0,-1,0,1,2,0,0,0,0,2,2,0,-1,2,0,-1,2,-1,3,0,-1,100,0,9223372036800000000,60,0,10,0,0,7,0,0,1,40,0,0,1,0,0,0,0,0,3,2,0,1,-1,-1,-1,-1,0,10,-1,1,1,3,-1,-1,-1,0,0,1,0,0,10,0,0,0,2.15
1,0,0,0,-1,0,1,4,0,0,0,0,3,0,1,0,0,-1,2,-1,2,3,0,-1,100,0,9223372036800000000,1e+75,0,10,0,0,7,0,3,1,0,0,3,1,0,0,0,0,0,0,2,0,1,-1,-1,-1,-1,0,10,-1,1,1,3,-1,-1,-1,0,0,1,0,0,10,0,0,0,15.27
1,0,0,0,-1,0,1,0,0,0,0,0,2,0,0,-1,2,0,-1,2,-1,3,0,2,100,0,9223372036800000000,60,0,10,0,0,7,0,0,1,0,0,0,1,0,0,0,0,0,0,2,0,1,-1,-1,-1,-1,0,10,-1,1,1,3,-1,-1,-1,0,0,1,0,0,10,0,0,0,2.41
1,0,0,0,-1,0,1,4,0,0,0,0,0,0,2,0,-1,2,0,0,0,3,0,-1,150,0,9223372036800000000,1e+75,0,10,0,0,7,0,0,1,0,0,1,1,0,0,0,0,0,0,2,0,1,-1,-1,-1,-1,0,10,-1,1,1,3,-1,-1,-1,0,0,1,0,0,10,0,0,0,14.7
1,0,0,0,-1,0,1,0,0,0,0,0,2,0,0,-1,2,0,-1,0,-1,3,0,-1,100,0,9223372036800000000,60,0,10,0,0,7,0,0,1,0,0,0,1,0,0,0,0,0,0,2,0,1,-1,-1,-1,-1,0,10,-1,1,1,3,-1,-1,-1,0,0,1,0,0,10,0,0,0,2.45
1,0,0,0,-1,0,1,5,0,0,0,0,2,0,1,0,-1,2,0,-1,1,3,0,-1,800,0,9223372036800000000,0,0,10,0,0,7,0,0,1,0,0,1,1,0,0,0,0,0,0,2,0,1,-1,-1,-1,-1,0,10,-1,1,1,3,-1,-1,-1,0,0,1,0,0,10,0,0,0,11.64
1,0,0,0,-1,0,1,0,0,0,0,0,2,0,0,-1,2,0,-1,2,-1,3,0,-1,100,0,9223372036800000000,60,0,10,0,0,7,0,3,1,0,0,0,1,0,0,0,0,0,0,2,0,1,-1,-1,-1,-1,0,10,-1,1,1,3,-1,-1,2,0,0,1,0,0,10,0,0,0,2.45
1,0,0,0,-1,0,1,0,0,0,0,0,2,0,0,-1,2,0,-1,-1,-1,3,0,-1,100,0,9223372036800000000,60,0,10,0,0,7,0,0,1,0,0,0,1,0,0,0,0,0,0,2,0,1,-1,-1,-1,-1,0,10,-1,1,1,3,-1,-1,-1,0,0,1,0,0,10,0,0,0,7.69
1,0,0,0,-1,0,1,1,0,0,0,0,2,0,0,-1,2,-1,-1,2,2,3,0,-1,200,0,9223372036800000000,60,0,10,0,0,7,0,0,1,0,0,0,1,0,0,0,0,0,0,2,0,1,-1,-1,-1,-1,0,10,-1,1,1,3,-1,-1,-1,0,0,1,0,0,10,0,0,0,11.11
1,0,0,0,-1,0,1,4,0,0,0,0,3,0,2,0,0,-1,2,-1,-1,3,0,-1,100,0,9223372036800000000,1e+75,0,10,0,0,7,0,3,1,0,0,3,1,0,0,0,0,0,0,2,0,1,-1,-1,-1,-1,0,10,-1,1,1,3,-1,-1,-1,0,0,1,0,0,10,0,0,0,15.27
1,0,0,0,-1,0,1,0,0,0,0,0,2,0,0,-1,2,0,-1,2,-1,3,0,-1,100,0,9223372036800000000,60,0,10,0,0,7,0,3,1,0,0,0,1,0,0,0,0,0,0,2,0,1,-1,-1,-1,-1,0,10,-1,1,1,3,-1,-1,3,0,0,1,0,0,10,0,0,0,13.72
1,0,0,0,-1,0,1,4,0,0,0,0,3,0,2,1,0,-1,2,-1,2,3,0,-1,100,0,9223372036800000000,1e+75,0,10,0,0,7,0,3,1,0,0,3,1,0,0,0,0,0,0,2,0,1,-1,-1,-1,-1,0,10,-1,1,1,3,-1,-1,-1,0,0,1,0,0,10,0,0,0,12.71
1,0,0,0,-1,0,1,0,0,0,0,0,2,0,0,-1,2,0,-1,2,-1,3,0,-1,100,0,9223372036800000000,60,0,10,0,0,7,0,3,1,1000,0,0,1,0,0,0,0,0,0,2,0,1,-1,-1,-1,-1,0,10,-1,1,1,3,-1,-1,-1,0,0,1,0,0,10,0,0,0,12.11
1,0,0,0,-1,0,1,4,0,0,0,0,0,1,0,-1,1,1,1,0,-1,3,0,-1,25,0,9223372036800000000,0,0,10,0,0,7,0,1,1,20,0,0,1,0,0,0,0,0,-1,2,0,1,-1,-1,-1,-1,0,10,-1,1,1,3,-1,-1,5,0,0,1,0,0,10,0,0,0,19.37
1,0,0,0,-1,0,1,4,0,0,0,0,3,0,2,1,0,-1,2,-1,2,3,0,-1,100,0,9223372036800000000,10,0,10,0,0,7,0,3,1,0,0,3,1,0,0,0,0,0,0,2,0,1,-1,-1,-1,-1,0,10,-1,1,1,3,-1,-1,-1,0,0,1,0,0,10,0,0,0,12.98
1,0,0,0,-1,0,1,1,0,0,0,0,0,0,3,-1,2,-1,0,0,2,3,0,-1,50,0,9223372036800000000,1e+75,0,10,0,0,7,0,0,1,0,0,1,1,0,0,0,0,0,0,2,0,1,-1,-1,-1,-1,0,10,-1,1,1,3,-1,-1,-1,0,0,1,0,0,10,0,0,0,18.66
1,0,0,0,-1,0,1,4,0,0,0,0,3,-1,2,1,0,-1,2,-1,2,3,0,-1,100,0,9223372036800000000,1e+75,0,10,0,0,7,0,3,1,0,0,3,1,0,0,0,0,0,0,2,0,1,-1,-1,-1,-1,0,10,-1,1,1,3,-1,-1,-1,0,0,1,0,0,10,0,0,0,17.2
1,0,0,0,-1,0,1,0,0,0,0,0,2,3,-1,0,-1,1,0,-1,-1,3,0,4,100,0,9223372036800000000,30,0,10,0,0,7,0,1,1,500,0,3,1,0,0,0,0,0,0,2,0,1,-1,-1,-1,-1,0,10,-1,1,1,3,-1,-1,5,0,0,1,0,0,10,0,0,0,16.34
1,0,0,0,-1,0,1,2,0,0,0,0,1,1,2,0,-1,2,0,0,0,3,0,-1,25,0,9223372036800000000,240,0,10,0,0,7,0,3,1,0,0,1,1,0,0,0,0,0,0,2,0,1,-1,-1,-1,-1,0,10,-1,1,1,3,-1,-1,-1,0,0,1,0,0,10,0,0,0,16.98
1,0,0,0,-1,0,1,1,0,0,0,0,2,0,0,-1,2,0,-1,2,2,3,0,-1,200,0,9223372036800000000,60,0,10,0,0,7,-1,0,1,0,0,1,1,0,0,0,0,0,0,2,0,1,-1,-1,-1,-1,0,10,-1,1,1,3,-1,-1,-1,0,0,1,0,0,10,0,0,0,1.79769e+308
1,0,0,0,-1,0,1,1,0,0,0,0,0,0,0,2,0,0,0,0,0,3,0,-1,800,0,9223372036800000000,1e+75,0,10,0,0,7,0,0,1,0,0,1,1,0,0,0,0,0,0,2,0,1,-1,-1,-1,-1,0,10,-1,1,1,3,-1,-1,-1,0,0,1,0,0,10,0,0,0,18.49
1,0,0,0,-1,0,1,0,0,0,0,0,2,0,0,-1,2,0,-1,2,-1,3,0,-1,100,0,9223372036800000000,60,0,10,0,0,7,0,3,1,-1,0,0,1,0,0,0,0,0,0,2,0,1,-1,-1,-1,-1,0,10,-1,1,1,3,-1,-1,-1,0,0,1,0,0,10,0,0,0,7.46
1,0,0,0,-1,0,1,2,0,0,0,0,1,1,2,0,-1,2,0,0,0,3,0,-1,200,0,9223372036800000000,240,0,10,0,0,7,0,3,1,0,0,0,1,0,0,0,0,0,0,2,0,1,-1,-1,-1,-1,0,10,-1,1,1,3,-1,-1,-1,0,0,1,0,0,10,0,0,0,16.62
1,0,0,0,-1,0,1,0,0,0,0,0,2,2,0,-1,2,0,-1,2,-1,3,0,-1,100,0,9223372036800000000,60,0,10,0,0,7,0,0,1,0,0,0,1,0,0,0,0,0,0,2,0,1,-1,-1,-1,-1,0,10,-1,1,1,3,-1,-1,4,0,0,1,0,0,10,0,0,0,12.24
1,0,0,0,-1,0,1,0,0,0,0,0,2,3,-1,0,1,1,0,-1,-1,3,0,4,400,0,9223372036800000000,1,0,10,0,0,7,0,1,1,40,0,3,1,0,0,0,0,0,0,2,0,1,-1,-1,-1,-1,0,10,-1,1,1,3,-1,-1,5,0,0,1,0,0,10,0,0,0,12.89
1,0,0,0,-1,0,1,2,0,0,0,0,1,1,2,0,-1,2,0,0,0,3,0,-1,200,0,9223372036800000000,240,0,10,0,0,7,0,0,1,0,0,1,1,0,0,0,0,0,0,2,0,1,-1,-1,-1,-1,0,10,-1,1,1,3,-1,-1,-1,0,0,1,0,0,10,0,0,0,13.77
1,0,0,0,-1,3,1,5,0,0,0,0,2,3,1,0,-1,2,0,2,0,10,0,16,10,0,9223372036800000000,120,0,10,0,0,7,0,2,1,40,0,1,1,0,0,0,0,0,2,2,0,1,-1,-1,-1,-1,0,10,-1,1,1,3,-1,-1,2,0,0,1,0,0,10,0,0,0,6.22
1,0,0,0,-1,0,1,2,0,0,0,0,-1,1,2,0,-1,2,0,0,0,3,0,-1,200,0,9223372036800000000,240,0,10,0,0,7,0,3,1,0,0,1,1,0,0,0,0,0,0,2,0,1,-1,-1,-1,-1,0,10,-1,1,1,3,-1,-1,-1,0,0,1,0,0,10,0,0,0,11.27
1,0,0,0,-1,0,1,4,0,0,0,0,-1,3,0,-1,-1,-1,1,0,-1,3,0,-1,100,0,9223372036800000000,0,0,10,0,0,7,0,1,1,-1,0,0,1,0,0,0,0,0,4,2,0,1,-1,-1,-1,-1,0,10,-1,1,1,3,-1,-1,5,0,0,1,0,0,10,0,0,0,9.38
1,0,0,0,-1,0,1,4,0,0,0,0,-1,1,0,-1,1,1,1,0,-1,3,0,-1,25,0,9223372036800000000,0,0,10,0,0,7,0,1,1,20,0,1,1,0,0,0,0,0,4,2,0,1,-1,-1,-1,-1,0,10,-1,1,1,3,-1,-1,5,0,0,1,0,0,10,0,0,0,14.8
1,0,0,0,-1,0,1,1,0,0,0,0,0,0,2,-1,0,0,0,0,2,3,0,-1,50,0,9223372036800000000,1e+75,0,10,0,0,7,0,0,1,0,0,1,1,0,0,0,0,0,0,2,0,1,-1,-1,-1,-1,0,10,-1,1,1,3,-1,-1,-1,0,0,1,0,0,10,0,0,0,6.98
1,0,0,0,-1,0,1,2,0,0,0,0,1,1,2,0,-1,2,0,2,0,3,0,-1,200,0,9223372036800000000,240,0,10,0,0,7,0,3,1,0,0,1,1,0,0,0,0,0,0,2,0,1,-1,-1,-1,-1,0,10,-1,1,1,3,-1,-1,-1,0,0,1,0,0,10,0,0,0,14.83
1,0,0,0,-1,0,1,2,0,0,0,0,1,0,1,0,-1,2,0,-1,1,3,0,-1,800,0,9223372036800000000,0,0,10,0,0,7,0,0,1,0,0,1,1,0,0,0,0,0,0,2,0,1,-1,-1,-1,-1,0,10,-1,1,1,3,-1,-1,-1,0,0,1,0,0,10,0,0,0,12.44
1,0,0,0,-1,0,1,1,0,0,0,0,2,0,0,-1,2,0,-1,2,2,3,0,-1,200,0,9223372036800000000,60,0,10,0,0,7,0,2,1,0,0,1,1,0,0,0,0,0,-1,2,0,1,-1,-1,-1,-1,0,10,-1,1,1,3,-1,-1,-1,0,0,1,0,0,10,0,0,0,20.99
1,0,0,0,-1,0,1,1,0,0,0,0,2,0,0,-1,2,0,-1,2,2,3,0,-1,200,0,9223372036800000000,60,0,10,0,0,7,0,2,1,0,0,1,1,0,0,0,0,0,1,2,0,1,-1,-1,-1,-1,0,10,-1,1,1,3,-1,-1,-1,0,0,1,0,0,10,0,0,0,22.34
1,0,0,0,-1,0,1,1,0,0,0,0,2,0,0,-1,2,0,-1,2,2,3,0,-1,200,0,9223372036800000000,60,0,10,0,0,7,0,2,1,0,0,1,1,0,0,0,0,0,3,2,0,1,-1,-1,-1,-1,0,10,-1,1,1,3,-1,-1,-1,0,0,1,0,0,10,0,0,0,1.79769e+308
1,0,0,0,-1,0,1,1,0,0,0,0,2,0,0,-1,2,0,-1,2,2,3,0,8,200,0,9223372036800000000,60,0,10,0,0,7,0,2,1,0,0,1,1,0,0,0,0,0,0,2,0,1,-1,-1,-1,-1,0,10,-1,1,1,3,-1,-1,-1,0,0,1,0,0,10,0,0,0,5.41
1,0,0,0,-1,0,1,1,0,0,0,0,2,0,0,-1,2,0,-1,2,2,3,0,-1,200,0,9223372036800000000,60,0,10,0,0,7,0,2,1,0,0,1,1,0,0,-1,0,0,0,2,0,1,-1,-1,-1,-1,0,10,-1,1,1,3,-1,-1,-1,0,0,1,0,0,10,0,0,0,17.79
1,0,0,0,-1,0,1,0,0,0,0,0,2,0,0,-1,2,0,-1,2,-1,3,0,-1,100,0,9223372036800000000,60,0,10,0,0,7,0,0,1,0,0,0,1,0,0,0,0,0,0,2,0,1,-1,-1,-1,-1,0,10,-1,1,1,3,-1,-1,0,0,0,1,0,0,10,0,0,0,2.41
1,0,0,0,-1,0,1,1,0,0,0,0,2,0,0,-1,2,0,-1,2,2,3,0,-1,200,0,9223372036800000000,60,0,10,0,0,7,0,2,1,0,0,1,1,0,0,20,0,0,0,2,0,1,-1,-1,-1,-1,0,10,-1,1,1,3,-1,-1,-1,0,0,1,0,0,10,0,0,0,20
1,0,0,0,-1,0,1,1,0,0,0,0,2,0,0,-1,2,0,-1,2,2,3,0,-1,200,0,9223372036800000000,60,0,10,0,0,7,0,2,1,0,0,1,1,0,0,40,0,0,0,2,0,1,-1,-1,-1,-1,0,10,-1,1,1,3,-1,-1,-1,0,0,1,0,0,10,0,0,0,13.4
1,0,0,0,-1,0,1,1,0,0,0,0,2,0,0,-1,2,0,-1,2,2,3,0,-1,200,0,9223372036800000000,60,0,10,0,0,7,0,0,1,0,0,1,1,0,0,0,0,0,0,2,0,1,-1,-1,-1,-1,0,10,-1,1,1,3,-1,-1,-1,0,0,1,0,0,10,0,0,0,6.11
1,0,0,0,-1,0,1,0,0,0,0,0,1,0,0,-1,2,0,-1,2,-1,3,0,-1,100,0,9223372036800000000,60,0,10,0,0,7,0,0,1,0,0,0,1,0,0,0,0,0,0,2,0,1,-1,-1,-1,-1,0,10,-1,1,1,3,-1,-1,-1,0,0,1,0,0,10,0,0,0,2.41
1,0,0,0,-1,0,1,1,0,0,0,0,2,0,0,-1,2,0,-1,2,2,3,0,-1,200,0,9223372036800000000,60,0,10,0,0,7,0,2,1,0,0,1,1,0,0,500,0,0,0,2,0,1,-1,-1,-1,-1,0,10,-1,1,1,3,-1,-1,-1,0,0,1,0,0,10,0,0,0,7.5
1,0,0,0,-1,0,1,1,0,0,0,0,2,0,0,-1,2,0,-1,2,2,3,0,-1,200,0,9223372036800000000,1,0,10,0,0,7,0,0,1,0,0,0,1,0,0,0,0,0,0,2,0,1,-1,-1,-1,-1,0,10,-1,1,1,3,-1,-1,-1,0,0,1,0,0,10,0,0,0,5.21
1,0,0,0,-1,0,1,0,0,0,0,0,2,0,0,-1,2,0,-1,2,-1,3,0,-1,100,0,9223372036800000000,60,0,10,0,0,7,0,3,1,0,0,0,1,0,0,0,0,0,1,2,0,1,-1,-1,-1,-1,0,10,-1,1,1,3,-1,-1,-1,0,0,1,0,0,10,0,0,0,1.79769e+308
1,0,0,0,-1,0,1,1,0,0,0,0,2,0,0,-1,2,0,-1,2,2,3,0,-1,200,0,9223372036800000000,1e+75,0,10,0,0,7,0,0,1,0,0,1,1,0,0,0,0,0,0,2,0,1,-1,-1,-1,-1,0,10,-1,1,1,3,-1,-1,-1,0,0,1,0,0,10,0,0,0,6.33
1,0,0,0,-1,0,1,1,0,0,0,0,2,0,0,-1,2,0,-1,2,2,3,0,-1,200,0,9223372036800000000,60,0,10,0,0,7,0,2,1,0,0,1,1,0,0,1000,0,0,0,2,0,1,-1,-1,-1,-1,0,10,-1,1,1,3,-1,-1,-1,0,0,1,0,0,10,0,0,0,7.5
1,0,0,0,-1,0,1,0,0,0,0,0,2,0,-1,0,-1,0,2,2,-1,10,0,4,400,0,9223372036800000000,1,0,10,0,0,7,0,1,1,500,0,3,1,0,0,0,0,0,0,2,0,1,-1,-1,-1,-1,0,10,-1,1,1,3,-1,-1,0,0,0,1,0,0,10,0,0,0,4.09
1,0,0,0,-1,0,1,1,0,0,0,0,2,0,0,-1,2,0,-1,2,2,3,0,2,200,0,9223372036800000000,60,0,10,0,0,7,0,2,1,0,0,1,1,0,0,0,0,0,0,2,0,1,-1,-1,-1,-1,0,10,-1,1,1,3,-1,-1,-1,0,0,1,0,0,10,0,0,0,5.41
1,0,0,0,-1,0,1,0,0,0,0,0,2,3,-1,0,-1,1,0,-1,-1,3,0,4,400,0,9223372036800000000,1,0,10,0,0,7,0,1,1,40,0,3,1,0,0,0,0,0,0,2,0,1,-1,-1,-1,-1,0,10,-1,1,1,3,-1,-1,5,0,0,1,0,0,10,0,0,0,12.83
1,0,0,0,-1,0,1,1,0,0,0,0,2,0,0,-1,2,0,-1,2,2,3,0,-1,200,0,9223372036800000000,60,0,10,0,0,7,0,2,1,0,0,1,0,0,0,0,0,0,0,2,0,1,-1,-1,-1,-1,0,10,-1,1,1,3,-1,-1,-1,0,0,1,0,0,10,0,0,0,5.3
1,0,0,0,-1,0,1,4,0,0,0,0,-1,1,0,-1,1,1,1,0,-1,3,0,-1,25,0,9223372036800000000,0,0,10,0,0,7,0,1,1,20,0,0,1,0,0,0,0,0,0,2,0,1,-1,-1,-1,-1,0,10,-1,1,1,3,-1,-1,5,0,0,1,0,0,10,0,0,0,13.83
1,0,0,0,-1,0,1,1,0,0,0,0,2,0,0,-1,2,0,-1,2,2,3,0,-1,200,0,9223372036800000000,60,0,10,0,0,7,0,2,1,0,0,1,1,0,0,0,0,0,0,2,0,1,-1,-1,-1,-1,0,10,-1,1,1,3,-1,-1,4,0,0,1,0,0,10,0,0,0,5.51
1,0,0,0,-1,0,1,1,0,0,0,0,2,0,0,-1,2,0,-1,-1,2,3,0,-1,200,0,9223372036800000000,60,0,10,0,0,7,0,0,1,0,0,0,1,0,0,0,0,0,0,2,0,1,-1,-1,-1,-1,0,10,-1,1,1,3,-1,-1,-1,0,0,1,0,0,10,0,0,0,18.58
1,0,0,0,-1,0,1,0,0,0,0,0,2,0,0,-1,2,0,-1,2,-1,3,0,-1,100,0,9223372036800000000,60,0,10,0,0,7,0,3,1,0,0,0,1,0,0,0,0,0,0,2,0,1,-1,-1,-1,-1,0,10,-1,1,1,3,-1,-1,2,0,0,1,0,0,10,0,0,0,15.92
1,0,0,0,-1,0,1,1,0,0,0,0,2,0,0,-1,2,0,-1,2,2,3,0,-1,200,0,9223372036800000000,60,0,10,0,0,7,0,2,1,-1,0,1,1,0,0,0,0,0,0,2,0,1,-1,-1,-1,-1,0,10,-1,1,1,3,-1,-1,-1,0,0,1,0,0,10,0,0,0,18.09
1,0,0,0,-1,2,1,1,0,0,0,0,0,2,0,0,2,1,1,-1,2,10,0,-1,25,0,9223372036800000000,120,0,10,0,0,7,0,0,1,1000,0,1,1,0,0,0,0,0,1,2,0,1,-1,-1,-1,-1,0,10,-1,1,1,3,-1,-1,5,0,0,1,0,0,10,0,0,0,21.98
1,0,0,0,-1,0,1,1,0,0,0,0,2,0,0,-1,2,0,-1,2,2,3,0,-1,200,0,9223372036800000000,60,0,10,0,0,7,0,2,1,20,0,1,1,0,0,0,0,0,0,2,0,1,-1,-1,-1,-1,0,10,-1,1,1,3,-1,-1,-1,0,0,1,0,0,10,0,0,0,7.22
1,0,0,0,-1,0,1,1,0,0,0,0,2,0,0,-1,2,0,-1,2,2,3,0,-1,200,0,9223372036800000000,60,0,10,0,0,7,0,2,1,100,0,1,1,0,0,0,0,0,0,2,0,1,-1,-1,-1,-1,0,10,-1,1,1,3,-1,-1,-1,0,0,1,0,0,10,0,0,0,20.99
1,0,0,0,-1,0,1,1,0,0,0,0,2,0,0,-1,2,0,-1,2,2,3,0,-1,200,0,9223372036800000000,60,0,10,0,0,7,0,2,1,0,0,1,1,0,0,0,1,0,0,2,0,1,-1,-1,-1,-1,0,10,-1,1,1,3,-1,-1,-1,0,0,1,0,0,10,0,0,0,19.36
1,0,0,0,-1,0,1,0,0,0,0,0,2,2,0,-1,2,0,-1,2,-1,3,0,-1,100,0,9223372036800000000,60,0,10,0,0,7,0,0,1,500,0,0,1,0,0,0,0,0,0,2,0,1,-1,-1,-1,-1,0,10,-1,1,1,3,-1,-1,-1,0,0,1,0,0,10,0,0,0,2.45
1,0,0,0,-1,0,1,1,0,0,0,0,2,0,0,-1,2,0,-1,2,2,3,0,-1,200,0,9223372036800000000,60,0,10,0,0,7,0,2,1,0,0,1,1,0,0,0,3,0,0,2,0,1,-1,-1,-1,-1,0,10,-1,1,1,3,-1,-1,-1,0,0,1,0,0,10,0,0,0,17.91
1,0,0,0,-1,0,1,1,0,0,0,0,2,0,0,-1,2,0,-1,2,2,3,0,-1,200,0,9223372036800000000,60,0,10,0,0,7,0,2,1,0,0,1,1,0,0,0,4,0,0,2,0,1,-1,-1,-1,-1,0,10,-1,1,1,3,-1,-1,-1,0,0,1,0,0,10,0,0,0,20.8
1,0,0,0,-1,0,1,1,0,0,0,0,2,0,0,-1,2,0,-1,2,2,3,0,-1,200,0,9223372036800000000,60,0,10,0,0,7,0,2,1,0,0,1,1,0,0,0,5,0,0,2,0,1,-1,-1,-1,-1,0,10,-1,1,1,3,-1,-1,-1,0,0,1,0,0,10,0,0,0,24.27
1,0,0,0,-1,0,1,1,0,0,0,0,2,0,0,-1,2,0,-1,2,2,3,0,-1,200,0,9223372036800000000,60,0,10,0,0,7,0,2,1,0,0,1,1,0,0,0,6,0,0,2,0,1,-1,-1,-1,-1,0,10,-1,1,1,3,-1,-1,-1,0,0,1,0,0,10,0,0,0,18.23
1,0,0,0,-1,0,1,0,0,0,0,0,2,0,0,1,2,0,-1,2,-1,3,0,-1,100,0,9223372036800000000,60,0,10,0,0,7,0,3,1,0,0,0,1,0,0,0,0,0,0,2,0,1,-1,-1,-1,-1,0,10,-1,1,1,3,-1,-1,-1,0,0,1,0,0,10,0,0,0,17.24
1,0,0,0,-1,0,1,0,0,0,0,0,2,2,0,-1,2,0,-1,2,-1,3,0,2,100,0,9223372036800000000,60,0,10,0,0,7,0,0,1,0,0,0,1,0,0,0,0,0,0,2,0,1,-1,-1,-1,-1,0,10,-1,1,1,3,-1,-1,-1,0,0,1,0,0,10,0,0,0,2.12
1,0,0,0,-1,0,1,1,0,0,0,0,2,0,0,0,2,0,-1,2,2,3,0,-1,200,0,9223372036800000000,1e+75,0,10,0,0,7,0,0,1,0,0,1,1,0,0,0,0,0,0,2,0,1,-1,-1,-1,-1,0,10,-1,1,1,3,-1,-1,-1,0,0,1,0,0,10,0,0,0,6.92
1,0,0,0,-1,0,1,0,0,0,0,0,2,0,0,-1,2,0,-1,2,-1,3,0,-1,100,0,9223372036800000000,10,0,10,0,0,7,0,3,1,0,0,0,1,0,0,0,0,0,0,2,0,1,-1,-1,-1,-1,0,10,-1,1,1,3,-1,-1,-1,0,0,1,0,0,10,0,0,0,16.46
1,0,0,0,-1,0,1,0,0,0,0,0,0,0,0,0,1,0,0,0,0,3,0,-1,800,0,9223372036800000000,1e+75,0,10,0,0,7,0,0,1,0,0,1,1,0,0,0,0,0,0,2,0,1,-1,-1,-1,-1,0,10,-1,1,1,3,-1,-1,-1,0,0,1,0,0,10,0,0,0,14.2
1,0,0,0,-1,0,1,0,0,0,0,0,2,0,0,-1,-1,0,-1,2,-1,3,0,-1,100,0,9223372036800000000,60,0,10,0,0,7,0,3,1,0,0,0,1,0,0,0,0,0,0,2,0,1,-1,-1,-1,-1,0,10,-1,1,1,3,-1,-1,-1,0,0,1,0,0,10,0,0,0,17.24
1,0,0,0,-1,0,1,0,0,0,0,0,2,0,0,-1,2,0,-1,2,-1,3,0,-1,100,0,9223372036800000000,60,0,10,0,0,7,0,3,1,0,0,0,1,0,0,0,0,0,4,2,0,1,-1,-1,-1,-1,0,10,-1,1,1,3,-1,-1,-1,0,0,1,0,0,10,0,0,0,16.74
1,0,0,0,-1,0,1,1,0,0,0,0,0,0,2,-1,1,0,0,0,2,3,0,-1,50,0,9223372036800000000,1e+75,0,10,0,0,7,0,0,1,0,0,1,1,0,0,0,0,0,0,2,0,1,-1,-1,-1,-1,0,10,-1,1,1,3,-1,-1,-1,0,0,1,0,0,10,0,0,0,6.98
1,0,0,0,-1,0,1,4,0,0,0,0,3,0,2,1,0,-1,2,-1,2,3,0,-1,100,0,9223372036800000000,30,0,10,0,0,7,0,3,1,0,0,3,1,0,0,0,0,0,0,2,0,1,-1,-1,-1,-1,0,10,-1,1,1,3,-1,-1,-1,0,0,1,0,0,10,0,0,0,12.98
1,0,0,0,-1,0,1,0,0,0,0,0,2,0,0,-1,2,0,-1,2,-1,3,0,-1,100,0,9223372036800000000,40,0,10,0,0,7,0,3,1,0,0,0,1,0,0,0,0,0,0,2,0,1,-1,-1,-1,-1,0,10,-1,1,1,3,-1,-1,-1,0,0,1,0,0,10,0,0,0,16.57
1,0,0,0,-1,0,1,4,0,0,0,0,3,0,2,0,0,-1,2,-1,2,3,0,-1,100,0,9223372036800000000,40,0,10,0,0,7,0,3,1,0,0,3,1,0,0,0,0,0,0,2,0,1,-1,-1,-1,-1,0,10,-1,1,1,3,-1,-1,-1,0,0,1,0,0,10,0,0,0,15.27
1,0,0,0,-1,0,1,0,0,0,0,0,2,0,0,-1,2,0,-1,2,-1,3,0,-1,100,0,9223372036800000000,5,0,10,0,0,7,0,0,1,0,0,0,1,0,0,0,0,0,0,2,0,1,-1,-1,-1,-1,0,10,-1,1,1,3,-1,-1,-1,0,0,1,0,0,10,0,0,0,2.41
1,0,0,0,-1,0,1,2,0,0,0,0,2,2,0,-1,2,0,-1,2,-1,3,0,-1,100,0,9223372036800000000,60,0,10,0,0,7,0,0,1,0,0,0,1,0,0,0,0,0,0,2,0,1,-1,-1,-1,-1,0,10,-1,1,1,3,-1,-1,-1,0,0,1,0,0,10,0,0,0,12.92
1,0,0,0,-1,0,1,0,0,0,0,0,2,0,0,-1,2,0,-1,2,-1,3,0,-1,100,0,9223372036800000000,5,0,10,0,0,7,0,3,1,0,0,0,1,0,0,0,0,0,0,2,0,1,-1,-1,-1,-1,0,10,-1,1,1,3,-1,-1,-1,0,0,1,0,0,10,0,0,0,13.76
1,0,0,0,-1,0,1,4,0,0,0,0,-1,3,0,-1,1,-1,1,0,-1,3,0,-1,100,0,9223372036800000000,50,0,10,0,0,7,0,1,1,-1,0,0,1,0,0,0,0,0,4,2,0,1,-1,-1,-1,-1,0,10,-1,1,1,3,-1,-1,5,0,0,1,0,0,10,0,0,0,9.17
1,0,0,0,-1,0,1,0,0,0,0,0,2,-1,0,-1,2,0,-1,2,-1,3,0,-1,100,0,9223372036800000000,60,0,10,0,0,7,0,3,1,0,0,0,1,0,0,0,0,0,0,2,0,1,-1,-1,-1,-1,0,10,-1,1,1,3,-1,-1,-1,0,0,1,0,0,10,0,0,0,15.81
1,0,0,0,-1,0,1,0,0,0,0,0,2,0,0,-1,1,0,-1,2,-1,3,0,-1,100,0,9223372036800000000,60,0,10,0,0,7,0,3,1,0,0,0,1,0,0,0,0,0,0,2,0,1,-1,-1,-1,-1,0,10,-1,1,1,3,-1,-1,-1,0,0,1,0,0,10,0,0,0,16.57
1,0,0,0,-1,0,1,0,0,0,0,0,2,0,0,-1,2,0,-1,2,-1,3,0,-1,100,0,9223372036800000000,60,0,10,0,0,7,0,3,1,0,0,1,1,0,0,0,0,0,0,2,0,1,-1,-1,-1,-1,0,10,-1,1,1,3,-1,-1,-1,0,0,1,0,0,10,0,0,0,12.57
1,0,0,0,-1,0,1,0,0,0,0,0,2,0,0,-1,2,0,-1,2,-1,3,0,-1,400,0,9223372036800000000,60,0,10,0,0,7,0,3,1,0,0,0,1,0,0,0,0,0,0,2,0,1,-1,-1,-1,-1,0,10,-1,1,1,3,-1,-1,-1,0,0,1,0,0,10,0,0,0,5.71
1,0,0,0,-1,0,1,0,0,0,0,0,2,0,0,-1,2,1,-1,2,-1,3,0,-1,100,0,9223372036800000000,60,0,10,0,0,7,0,3,1,0,0,0,1,0,0,0,0,0,0,2,0,1,-1,-1,-1,-1,0,10,-1,1,1,3,-1,-1,-1,0,0,1,0,0,10,0,0,0,11.06
1,0,0,0,-1,0,1,0,0,0,0,0,2,2,0,-1,2,0,-1,2,-1,3,0,-1,100,0,9223372036800000000,60,0,10,0,0,7,0,2,1,0,0,0,1,0,0,0,0,0,0,2,0,1,-1,-1,-1,-1,0,10,-1,1,1,3,-1,-1,-1,0,0,1,0,0,10,0,0,0,13.06
1,0,0,0,-1,0,1,0,0,0,0,0,2,0,0,-1,2,0,-1,2,-1,3,0,-1,100,0,9223372036800000000,50,0,10,0,0,7,0,3,1,0,0,0,1,0,0,0,0,0,0,2,0,1,-1,-1,-1,-1,0,10,-1,1,1,3,-1,-1,-1,0,0,1,0,0,10,0,0,0,13.72
1,0,0,0,-1,0,1,2,0,0,0,0,1,1,2,0,-1,2,0,0,0,3,0,-1,200,0,9223372036800000000,240,0,10,0,0,7,0,1,1,0,0,1,1,0,0,0,0,0,0,2,0,1,-1,-1,-1,-1,0,10,-1,1,1,3,-1,-1,-1,0,0,1,0,0,10,0,0,0,17.12
1,0,0,0,-1,0,1,0,0,0,0,0,2,0,0,-1,2,0,-1,2,0,3,0,-1,100,0,9223372036800000000,60,0,10,0,0,7,0,3,1,0,0,0,1,0,0,0,0,0,0,2,0,1,-1,-1,-1,-1,0,10,-1,1,1,3,-1,-1,-1,0,0,1,0,0,10,0,0,0,15.03
1,0,0,0,-1,0,1,2,0,0,0,0,-1,3,0,-1,1,1,1,0,-1,3,0,-1,25,0,9223372036800000000,0,0,10,0,0,7,0,1,1,20,0,0,1,0,0,0,0,0,4,2,0,1,-1,-1,-1,-1,0,10,-1,1,1,3,-1,-1,5,0,0,1,0,0,10,0,0,0,16.14
1,0,0,0,-1,0,1,4,0,0,0,0,-1,1,0,-1,1,1,1,0,-1,3,0,-1,25,0,9223372036800000000,0,0,10,0,0,7,0,1,1,20,0,0,1,0,0,0,0,0,4,2,0,1,-1,-1,-1,-1,0,10,-1,1,1,3,-1,-1,5,0,0,1,0,0,10,0,0,0,13.37
1,0,0,0,-1,0,1,1,0,0,0,0,0,0,2,-1,0,2,0,0,2,3,0,-1,50,0,9223372036800000000,1e+75,0,10,0,0,7,0,0,1,0,0,1,1,0,0,0,0,0,0,2,0,1,-1,-1,-1,-1,0,10,-1,1,1,3,-1,-1,-1,0,0,1,0,0,10,0,0,0,15.15
1,0,0,0,-1,0,1,0,0,0,0,0,2,0,0,-1,2,0,-1,2,-1,3,0,-1,100,0,9223372036800000000,0,0,10,0,0,7,0,3,1,0,0,0,1,0,0,0,0,0,0,2,0,1,-1,-1,-1,-1,0,10,-1,1,1,3,-1,-1,-1,0,0,1,0,0,10,0,0,0,13.73
1,0,0,0,-1,0,1,0,0,0,0,0,2,0,0,-1,2,0,-1,2,-1,3,0,-1,100,0,9223372036800000000,10,0,10,0,0,7,0,0,1,0,0,0,1,0,0,0,0,0,0,2,0,1,-1,-1,-1,-1,0,10,-1,1,1,3,-1,-1,-1,0,0,1,0,0,10,0,0,0,2.41
1,0,0,0,-1,0,1,1,0,0,0,0,2,0,0,-1,2,0,-1,2,2,3,0,-1,200,0,9223372036800000000,60,0,10,0,0,7,0,2,1,0,0,1,1,0,0,0,0,0,0,2,0,1,-1,-1,-1,-1,0,10,-1,0,1,3,-1,-1,-1,0,0,1,0,0,10,0,0,0,15.31
1,0,0,0,-1,0,1,1,0,0,0,0,2,0,0,-1,2,0,-1,2,2,3,0,-1,200,0,9223372036800000000,60,0,10,0,0,7,0,2,1,0,0,1,1,0,0,0,0,0,0,2,0,1,-1,-1,-1,-1,-1,10,-1,1,1,3,-1,-1,-1,0,0,1,0,0,10,0,0,0,5.51
1,0,0,0,-1,0,1,0,0,0,0,0,2,0,0,-1,2,0,-1,2,-1,3,0,-1,100,0,9223372036800000000,60,0,10,0,0,7,0,0,1,0,0,0,1,0,0,0,0,0,0,2,0,1,-1,-1,-1,-1,0,10,-1,1,1,3,-1,-1,5,0,0,1,0,0,10,0,0,0,2.41
1,0,0,0,-1,0,1,1,0,0,0,0,0,0,2,-1,0,0,0,0,2,3,0,-1,800,0,9223372036800000000,1e+75,0,10,0,0,7,0,0,1,0,0,1,1,0,0,0,0,0,0,2,0,1,-1,-1,-1,-1,0,10,-1,1,1,3,-1,-1,-1,0,0,1,0,0,10,0,0,0,8.59
1,0,0,0,-1,0,1,0,0,0,0,0,2,-1,0,-1,2,0,-1,2,-1,3,0,-1,100,0,9223372036800000000,60,0,10,0,0,7,0,0,1,0,0,0,1,0,0,0,0,0,0,2,0,1,-1,-1,-1,-1,0,10,-1,1,1,3,-1,-1,-1,0,0,1,0,0,10,0,0,0,2.57
1,0,0,0,-1,0,1,1,0,0,0,0,0,0,2,2,0,-1,0,0,2,3,0,-1,50,0,9223372036800000000,1e+75,0,10,0,0,7,0,0,1,0,0,1,1,0,0,0,0,0,0,2,0,1,-1,-1,-1,-1,0,10,-1,1,1,3,-1,-1,-1,0,0,1,0,0,10,0,0,0,17.92
1,0,0,0,-1,0,1,0,0,0,0,0,2,2,0,-1,2,0,-1,2,-1,3,0,-1,100,0,9223372036800000000,60,0,10,0,0,7,0,0,1,0,0,0,1,0,0,0,0,0,0,2,0,1,-1,-1,-1,-1,0,10,-1,1,1,3,-1,-1,-1,0,0,1,0,0,10,0,0,0,2.12
1,0,0,0,-1,0,1,1,0,0,0,0,2,0,0,-1,2,0,-1,2,2,3,0,-1,200,0,9223372036800000000,60,0,10,0,0,7,0,2,1,0,0,1,1,0,0,0,0,0,0,2,0,1,-1,-1,-1,-1,0,10,-1,1,1,3,-1,-1,2,0,0,1,0,0,10,0,0,0,5.51
1,0,0,0,-1,0,1,0,0,0,0,0,2,0,0,-1,2,0,-1,2,-1,3,0,-1,50,0,9223372036800000000,60,0,10,0,0,7,0,0,1,0,0,0,1,0,0,0,0,0,0,2,0,1,-1,-1,-1,-1,0,10,-1,1,1,3,-1,-1,-1,0,0,1,0,0,10,0,0,0,2.42
1,0,0,0,-1,0,1,0,0,0,0,0,2,0,0,-1,2,0,-1,2,-1,3,0,-1,100,0,9223372036800000000,0,0,10,0,0,7,0,0,1,0,0,0,1,0,0,0,0,0,0,2,0,1,-1,-1,-1,-1,0,10,-1,1,1,3,-1,-1,-1,0,0,1,0,0,10,0,0,0,2.41
1,0,0,0,-1,0,1,0,0,0,0,0,2,0,0,-1,-1,0,-1,2,-1,3,0,-1,100,0,9223372036800000000,60,0,10,0,0,7,0,0,1,0,0,0,1,0,0,0,0,0,0,2,0,1,-1,-1,-1,-1,0,10,-1,1,1,3,-1,-1,-1,0,0,1,0,0,10,0,0,0,2.41
1,0,0,0,-1,0,1,0,0,0,0,0,2,0,-1,-1,2,0,-1,2,-1,3,0,-1,100,0,9223372036800000000,60,0,10,0,0,7,0,3,1,0,0,0,1,0,0,0,0,0,0,2,0,1,-1,-1,-1,-1,0,10,-1,1,1,3,-1,-1,-1,0,0,1,0,0,10,0,0,0,15.03
1,0,0,0,-1,0,1,0,0,0,0,0,2,0,0,-1,2,0,-1,2,-1,3,0,8,100,0,9223372036800000000,60,0,10,0,0,7,0,0,1,0,0,0,1,0,0,0,0,0,0,2,0,1,-1,-1,-1,-1,0,10,-1,1,1,3,-1,-1,-1,0,0,1,0,0,10,0,0,0,2.41
1,0,0,0,-1,0,1,0,0,0,0,0,2,0,-1,0,-1,0,2,2,-1,3,0,4,400,0,9223372036800000000,1,0,10,0,0,7,0,1,1,500,0,3,1,0,0,0,0,0,0,2,0,1,-1,-1,-1,-1,0,10,-1,1,1,3,-1,-1,0,0,0,1,0,0,10,0,0,0,5.23
1,0,0,0,-1,0,1,0,0,0,0,0,2,0,-1,0,-1,1,2,2,-1,3,0,4,400,0,9223372036800000000,1,0,10,0,0,7,0,1,1,500,0,3,1,0,0,0,0,0,0,2,0,1,-1,-1,-1,-1,0,10,-1,1,1,3,-1,-1,0,0,0,1,0,0,10,0,0,0,7.73
1,0,0,0,-1,0,1,0,0,0,0,0,2,0,0,-1,2,0,-1,2,-1,3,0,-1,100,0,9223372036800000000,50,0,10,0,0,7,0,0,1,0,0,0,1,0,0,0,0,0,0,2,0,1,-1,-1,-1,-1,0,10,-1,1,1,3,-1,-1,-1,0,0,1,0,0,10,0,0,0,2.41
1,0,0,0,-1,0,1,0,0,0,0,0,2,0,-1,0,-1,0,2,2,-1,3,0,4,400,0,9223372036800000000,1,0,10,0,0,7,0,1,1,500,0,0,1,0,0,0,0,0,0,2,0,1,-1,-1,-1,-1,0,10,-1,1,1,3,-1,-1,0,0,0,1,0,0,10,0,0,0,8.22
1,0,0,0,-1,0,1,0,0,0,0,0,2,0,0,-1,2,0,-1,2,-1,3,0,-1,100,0,9223372036800000000,30,0,10,0,0,7,0,0,1,0,0,0,1,0,0,0,0,0,0,2,0,1,-1,-1,-1,-1,0,10,-1,1,1,3,-1,-1,-1,0,0,1,0,0,10,0,0,0,2.41
1,0,0,0,-1,0,1,0,0,0,0,0,2,0,-1,-1,2,0,-1,2,-1,3,0,-1,100,0,9223372036800000000,60,0,10,0,0,7,0,0,1,0,0,0,1,0,0,0,0,0,0,2,0,1,-1,-1,-1,-1,0,10,-1,1,1,3,-1,-1,-1,0,0,1,0,0,10,0,0,0,2.41
1,0,0,0,-1,0,1,0,0,0,0,0,2,0,0,-1,2,0,-1,2,-1,3,0,16,100,0,9223372036800000000,60,0,10,0,0,7,0,0,1,0,0,0,1,0,0,0,0,0,0,2,0,1,-1,-1,-1,-1,0,10,-1,1,1,3,-1,-1,-1,0,0,1,0,0,10,0,0,0,2.41
1,0,0,0,-1,0,1,0,0,0,0,0,2,3,-1,0,-1,1,0,-1,-1,3,0,4,400,0,9223372036800000000,30,0,10,0,0,7,0,1,1,40,0,3,1,0,0,0,0,0,0,2,0,1,-1,-1,-1,-1,0,10,-1,1,1,3,-1,-1,5,0,0,1,0,0,10,0,0,0,12.89
1,0,0,0,-1,0,1,5,0,0,0,0,0,0,2,-1,0,0,0,0,2,3,0,-1,50,0,9223372036800000000,1e+75,0,10,0,0,7,0,0,1,0,0,1,1,0,0,0,0,0,0,2,0,1,-1,-1,-1,-1,0,10,-1,1,1,3,-1,-1,-1,0,0,1,0,0,10,0,0,0,18.01
1,0,0,0,-1,0,1,0,0,0,0,0,2,3,-1,0,-1,1,0,-1,-1,3,0,4,400,0,9223372036800000000,30,0,10,0,0,7,0,1,1,40,0,0,1,0,0,0,0,0,0,2,0,1,-1,-1,-1,-1,0,10,-1,1,1,3,-1,-1,5,0,0,1,0,0,10,0,0,0,14.71
1,0,0,0,-1,0,1,1,0,0,0,0,2,0,0,-1,2,0,-1,2,2,3,0,-1,200,0,9223372036800000000,60,0,10,0,0,7,0,2,1,0,0,1,1,0,0,60,0,0,0,2,0,1,-1,-1,-1,-1,0,10,-1,1,1,3,-1,-1,-1,0,0,1,0,0,10,0,0,0,19.27
1,0,0,0,-1,0,1,1,0,0,0,0,2,0,0,-1,2,0,-1,2,2,3,0,-1,200,0,9223372036800000000,60,0,10,0,0,7,0,2,1,0,0,1,1,0,0,100,0,0,0,2,0,1,-1,-1,-1,-1,0,10,-1,1,1,3,-1,-1,-1,0,0,1,0,0,10,0,0,0,16.15
1,0,0,0,-1,0,1,0,0,0,0,0,2,3,-1,0,-1,1,0,-1,-1,3,0,4,10,0,9223372036800000000,30,0,10,0,0,7,0,1,1,40,0,3,1,0,0,0,0,0,0,2,0,1,-1,-1,-1,-1,0,10,-1,1,1,3,-1,-1,5,0,0,1,0,0,10,0,0,0,17.45
1,0,0,0,-1,0,1,0,0,0,0,0,2,3,-1,0,-1,1,0,-1,-1,3,0,4,400,0,9223372036800000000,1,0,10,0,0,7,0,1,1,40,0,3,1,0,0,0,0,0,0,2,0,1,-1,-1,-1,-1,0,10,-1,1,1,3,-1,-1,3,0,0,1,0,0,10,0,0,0,12.89
