1,0,0,0,-1,0,1,4,0,0,0,0,-1,0,1,0,0,0,0,2,1,10,0,-1,50,0,9223372036800000000,1e+75,0,10,0,0,7,0,1,1,0,0,1,1,0,0,0,0,0,0,2,0,1,-1,-1,-1,-1,0,10,-1,1,1,3,-1,-1,-1,0,0,1,0,0,10,0,0,0,4.74
1,0,0,0,-1,0,1,4,0,0,0,0,-1,0,1,0,0,0,0,2,1,3,0,-1,50,0,9223372036800000000,1e+75,0,10,0,0,7,0,1,1,0,0,1,1,0,0,0,0,1,0,2,0,1,-1,-1,-1,-1,0,10,-1,1,1,3,-1,-1,-1,0,0,1,0,0,10,0,0,0,22.09
1,0,0,0,-1,0,1,4,0,0,0,0,-1,0,1,0,0,0,0,2,1,3,0,-1,50,0,9223372036800000000,1e+75,0,10,0,0,7,0,1,1,0,0,1,1,0,0,0,5,0,0,2,0,1,-1,-1,-1,-1,0,10,-1,1,1,3,-1,-1,-1,0,0,1,0,0,10,0,0,0,7.25
1,0,0,0,-1,0,1,4,0,0,0,0,-1,0,1,0,0,0,0,2,1,3,0,-1,50,0,9223372036800000000,1e+75,0,10,0,0,7,0,1,1,-1,0,1,1,0,0,0,0,0,0,2,0,1,-1,-1,-1,-1,0,10,-1,1,1,3,-1,-1,-1,0,0,1,0,0,10,0,0,0,23.37
1,0,0,0,-1,0,1,4,0,0,0,0,-1,0,1,0,0,0,0,2,1,3,0,-1,50,0,9223372036800000000,1e+75,0,10,0,0,7,0,1,1,0,1,1,1,0,0,0,0,0,0,2,0,1,-1,-1,-1,-1,0,10,-1,1,1,3,-1,-1,-1,0,0,1,0,0,10,0,0,0,10.16
1,0,0,0,-1,0,1,0,0,0,0,0,2,0,0,2,1,0,0,-1,1,3,0,2,800,0,9223372036800000000,10,0,10,0,0,7,0,3,1,0,0,0,1,0,3,0,0,0,-1,2,0,1,-1,-1,-1,-1,0,10,-1,1,1,3,-1,-1,-1,0,0,1,0,0,10,0,0,0,1.79769e+308
1,0,0,0,-1,0,1,5,0,0,0,0,2,0,0,2,1,0,0,-1,1,3,0,2,800,0,9223372036800000000,10,0,10,0,0,7,0,2,1,0,0,0,1,0,3,0,0,0,-1,2,0,1,-1,-1,-1,-1,0,10,-1,1,1,3,-1,-1,-1,0,0,1,0,0,10,0,0,0,13.55
1,0,0,0,-1,0,1,5,0,0,0,0,2,0,0,2,1,0,0,-1,1,3,0,2,800,0,9223372036800000000,10,0,10,0,0,7,0,3,1,0,0,0,1,0,3,0,0,0,-1,2,0,1,-1,-1,-1,-1,0,10,-1,1,1,3,-1,-1,-1,0,0,1,0,0,10,0,0,0,11.58
1,0,0,0,-1,0,1,5,0,0,0,0,2,0,0,2,-1,0,0,-1,1,3,0,2,800,0,9223372036800000000,10,0,10,0,0,7,0,3,1,0,0,0,1,0,3,0,0,0,-1,2,0,1,-1,-1,-1,-1,0,10,-1,1,1,3,-1,-1,-1,0,0,1,0,0,10,0,0,0,12.13
1,0,0,0,-1,0,1,5,0,0,0,0,2,0,0,2,-1,0,0,-1,1,3,0,2,800,0,9223372036800000000,1,0,10,0,0,7,0,3,1,0,0,0,1,0,3,0,0,0,4,2,0,1,-1,-1,-1,-1,0,10,-1,1,1,3,-1,-1,-1,0,0,1,0,0,10,0,0,0,25.81
1,0,0,0,-1,0,1,5,0,0,0,0,2,0,0,2,-1,0,0,-1,1,3,0,2,800,0,9223372036800000000,10,0,10,0,0,7,0,3,1,0,0,0,1,0,3,0,0,0,4,2,0,1,-1,-1,-1,-1,0,10,-1,1,1,3,-1,-1,-1,0,0,1,0,0,10,0,0,0,15.2
1,0,0,0,-1,0,1,4,0,0,0,0,-1,0,1,0,0,0,0,2,1,3,0,-1,50,0,9223372036800000000,1e+75,0,10,0,0,7,0,1,1,0,0,1,1,0,0,0,0,0,0,2,0,1,-1,-1,-1,-1,0,10,-1,1,1,3,-1,-1,-1,0,0,1,0,0,10,-1,0,0,6.96
1,0,0,0,-1,0,1,5,0,0,0,0,2,0,0,2,-1,0,0,-1,1,3,0,2,800,0,9223372036800000000,1e+75,0,10,0,0,7,0,3,1,0,0,0,1,0,3,0,0,0,4,2,0,1,-1,-1,-1,-1,0,10,-1,1,1,3,-1,-1,-1,0,0,1,0,0,10,0,0,0,24.35
1,0,0,0,-1,0,1,5,0,0,0,0,0,0,0,2,-1,0,0,-1,1,3,0,2,800,0,9223372036800000000,1e+75,0,10,0,0,7,0,3,1,0,0,0,1,0,3,0,0,0,4,2,0,1,-1,-1,-1,-1,0,10,-1,1,1,3,-1,-1,-1,0,0,1,0,0,10,0,0,0,24.55
1,0,0,0,-1,0,1,3,0,0,0,0,0,0,2,2,-1,-1,2,-1,2,3,0,8,200,0,9223372036800000000,240,0,10,0,0,7,0,2,1,0,0,1,1,3,0,0,0,0,3,2,0,1,-1,-1,-1,-1,0,10,-1,1,1,3,-1,-1,-1,0,0,1,0,0,10,0,0,0,1.79769e+308
1,0,0,0,-1,0,1,3,0,0,0,0,0,0,-1,2,-1,-1,2,-1,2,3,0,8,200,0,9223372036800000000,240,0,10,0,0,7,0,2,1,0,0,1,1,3,2,0,0,0,3,2,0,1,-1,-1,-1,-1,0,10,-1,1,1,3,-1,-1,-1,0,0,1,0,0,10,0,0,0,1.79769e+308
1,0,0,0,-1,0,1,3,0,0,0,0,0,0,-1,2,-1,-1,2,-1,2,3,0,8,200,0,9223372036800000000,50,0,10,0,0,7,0,2,1,0,0,1,1,3,0,0,0,0,3,2,0,1,-1,-1,-1,-1,0,10,-1,1,1,3,-1,-1,-1,0,0,1,0,0,10,0,0,0,1.79769e+308
1,0,0,0,-1,0,1,4,0,0,0,0,-1,0,1,0,0,0,0,2,1,3,0,-1,50,0,9223372036800000000,1e+75,0,10,0,0,7,0,1,1,40,0,1,1,0,0,0,0,0,0,2,0,1,-1,-1,-1,-1,0,10,-1,1,1,3,-1,-1,-1,0,0,1,0,0,10,0,0,0,13.25
1,0,0,0,-1,0,1,3,0,0,0,0,0,0,-1,2,-1,0,2,-1,2,3,0,8,200,0,9223372036800000000,240,0,10,0,0,7,0,2,1,0,0,1,1,3,0,0,0,0,3,2,0,1,-1,-1,-1,-1,0,10,-1,1,1,3,-1,-1,-1,0,0,1,0,0,10,0,0,0,1.79769e+308
1,0,0,0,-1,0,1,3,0,0,0,0,0,0,-1,2,-1,-1,2,-1,2,3,0,8,200,0,9223372036800000000,1,0,10,0,0,7,0,2,1,0,0,1,1,3,0,0,0,0,3,2,0,1,-1,-1,-1,-1,0,10,-1,1,1,3,-1,-1,-1,0,0,1,0,0,10,0,0,0,1.79769e+308
1,0,0,0,-1,0,1,3,0,0,0,0,0,0,-1,2,-1,-1,2,-1,2,3,0,8,200,0,9223372036800000000,240,0,10,0,0,7,0,2,1,0,0,1,1,3,-1,0,0,0,3,2,0,1,-1,-1,-1,-1,0,10,-1,1,1,3,-1,-1,-1,0,0,1,0,0,10,0,0,0,1.79769e+308
1,0,0,0,-1,0,1,2,0,0,0,0,2,0,1,0,0,0,0,2,1,3,0,-1,800,0,9223372036800000000,1e+75,0,10,0,0,7,0,1,1,0,0,1,1,1,0,0,0,0,0,2,0,1,-1,-1,-1,-1,0,10,-1,1,1,3,-1,-1,-1,0,0,1,0,0,10,0,0,0,3.8
1,0,0,0,-1,0,1,4,0,0,0,0,-1,0,1,0,0,0,0,2,1,3,0,-1,800,0,9223372036800000000,1e+75,0,10,0,0,7,0,1,1,0,0,1,1,1,0,0,0,0,0,2,0,1,-1,-1,-1,-1,0,10,-1,1,1,3,-1,-1,-1,0,0,1,0,0,10,0,0,0,3.81
1,0,0,0,-1,0,1,4,0,0,0,0,-1,0,1,0,0,0,0,2,1,1,0,-1,50,0,9223372036800000000,1e+75,0,10,0,0,7,0,1,1,0,0,1,1,0,0,0,0,0,0,2,0,1,-1,-1,-1,-1,0,10,-1,1,1,3,-1,-1,-1,0,0,1,0,0,10,0,0,0,18.68
1,0,0,0,-1,0,1,4,0,0,0,0,2,0,1,0,0,0,1,2,1,3,0,-1,800,0,9223372036800000000,1e+75,0,10,0,0,7,0,1,1,0,0,1,1,1,0,0,0,0,0,2,0,1,-1,-1,-1,-1,0,10,-1,1,1,3,-1,-1,-1,0,0,1,0,0,10,0,0,0,3.81
1,0,0,0,-1,0,1,4,0,0,0,0,2,0,2,0,0,0,0,2,1,3,0,-1,800,0,9223372036800000000,1e+75,0,10,0,0,7,0,1,1,0,0,1,1,1,0,0,0,0,0,2,0,1,-1,-1,-1,-1,0,10,-1,1,1,3,-1,-1,-1,0,0,1,0,0,10,0,0,0,3.66
1,0,0,0,-1,0,1,4,0,0,0,0,2,0,0,0,0,0,0,2,1,3,0,-1,800,0,9223372036800000000,1e+75,0,10,0,0,7,0,1,1,0,0,1,1,1,0,0,0,0,0,2,0,1,-1,-1,-1,-1,0,10,-1,1,1,3,-1,-1,-1,0,0,1,0,0,10,0,0,0,3.3
1,0,0,0,-1,0,1,4,0,0,0,0,2,0,1,1,0,0,0,2,1,3,0,-1,800,0,9223372036800000000,1e+75,0,10,0,0,7,0,1,1,0,0,1,1,1,0,0,0,0,0,2,0,1,-1,-1,-1,-1,0,10,-1,1,1,3,-1,-1,-1,0,0,1,0,0,10,0,0,0,3.81
1,0,0,0,-1,0,1,4,0,0,0,0,2,0,1,0,0,0,0,2,1,3,0,-1,800,0,9223372036800000000,1e+75,0,10,0,0,7,0,1,1,0,0,1,1,1,0,0,0,0,0,2,0,1,-1,-1,-1,-1,0,10,-1,1,1,3,-1,-1,-1,0,0,1,0,0,10,0,0,0,3.3
1,0,0,0,-1,0,1,4,0,0,0,0,2,0,1,0,0,0,0,2,1,3,0,-1,800,0,9223372036800000000,1,0,10,0,0,7,0,1,1,0,0,1,1,0,0,0,0,0,0,2,0,1,-1,-1,-1,-1,0,10,-1,1,1,3,-1,-1,-1,0,0,1,0,0,10,0,0,0,19.64
1,0,0,0,-1,0,1,4,0,0,0,0,2,0,1,0,0,0,0,2,1,3,0,-1,800,0,9223372036800000000,1e+75,0,10,0,0,7,0,1,1,0,0,1,1,0,-1,0,0,0,0,2,0,1,-1,-1,-1,-1,0,10,-1,1,1,3,-1,-1,-1,0,0,1,0,0,10,0,0,0,19.64
1,0,0,0,-1,0,1,4,0,0,0,0,2,0,1,0,0,0,0,2,1,3,0,-1,800,0,9223372036800000000,1e+75,0,10,0,0,7,0,1,1,0,0,1,1,0,0,0,0,0,4,2,0,1,-1,-1,-1,-1,0,10,-1,1,1,3,-1,-1,-1,0,0,1,0,0,10,0,0,0,19.59
1,0,0,0,-1,0,1,4,0,0,0,0,2,0,1,0,0,0,0,2,1,3,0,-1,800,0,9223372036800000000,20,0,10,0,0,7,0,1,1,0,0,1,1,0,0,0,0,0,0,2,0,1,-1,-1,-1,-1,0,10,-1,1,1,3,-1,-1,-1,0,0,1,0,0,10,0,0,0,19.64
1,0,0,0,-1,0,1,4,0,0,0,0,2,0,1,0,0,0,0,2,1,3,0,-1,800,0,9223372036800000000,30,0,10,0,0,7,0,1,1,0,0,1,1,0,0,0,0,0,0,2,0,1,-1,-1,-1,-1,0,10,-1,1,1,3,-1,-1,-1,0,0,1,0,0,10,0,0,0,19.64
1,0,0,0,-1,0,1,4,0,0,0,0,2,0,1,0,0,0,0,2,1,3,0,-1,800,0,9223372036800000000,1e+75,0,10,0,0,7,0,1,1,0,0,1,1,0,0,0,0,0,3,2,0,1,-1,-1,-1,-1,0,10,-1,1,1,3,-1,-1,-1,0,0,1,0,0,10,0,0,0,1.79769e+308
1,0,0,0,-1,0,1,4,0,0,0,0,2,0,1,0,0,0,0,2,1,3,0,-1,800,0,9223372036800000000,1e+75,0,10,0,0,7,0,1,1,0,0,1,1,0,2,0,0,0,0,2,0,1,-1,-1,-1,-1,0,10,-1,1,1,3,-1,-1,-1,0,0,1,0,0,10,0,0,0,19.49
1,0,0,0,-1,0,1,4,0,0,0,0,-1,0,1,0,0,0,0,2,1,3,0,-1,50,0,9223372036800000000,1e+75,0,10,0,0,7,0,1,1,0,0,1,1,0,0,0,0,0,0,2,0,1,-1,-1,-1,-1,1,10,-1,1,1,3,-1,-1,-1,0,0,1,0,0,10,0,0,0,13.55
1,0,0,0,-1,0,1,4,0,0,0,0,-1,0,1,0,0,0,0,2,1,3,0,-1,50,0,9223372036800000000,1e+75,0,10,0,0,7,0,1,1,0,0,1,1,0,0,0,0,0,0,2,0,1,-1,-1,-1,-1,0,10,-1,1,1,3,-1,-1,5,0,0,1,0,0,10,0,0,0,10.36
1,0,0,0,-1,0,1,4,0,0,0,0,2,0,1,0,0,0,0,2,1,3,0,-1,400,0,9223372036800000000,1e+75,0,10,0,0,7,0,1,1,0,0,1,1,1,0,0,0,0,0,2,0,1,-1,-1,-1,-1,0,10,-1,1,1,3,-1,-1,-1,0,0,1,0,0,10,0,0,0,3.74
1,0,0,0,-1,0,1,4,0,0,0,0,-1,0,1,0,0,0,0,2,1,3,0,-1,50,0,9223372036800000000,1e+75,0,10,0,0,7,0,1,1,0,0,1,1,0,0,0,0,0,0,2,0,1,-1,-1,-1,-1,0,10,-1,1,1,3,-1,-1,4,0,0,1,0,0,10,0,0,0,10.16
1,0,0,0,-1,0,1,3,0,0,0,0,0,0,-1,2,-1,-1,2,-1,2,3,0,8,200,0,9223372036800000000,240,0,10,0,0,7,0,0,1,0,0,1,1,3,0,0,0,0,3,2,0,1,-1,-1,-1,-1,0,10,-1,1,1,3,-1,-1,-1,0,0,1,0,0,10,0,0,0,1.79769e+308
1,0,0,0,-1,0,1,4,0,0,0,0,-1,0,1,0,0,0,0,2,1,3,0,-1,50,0,9223372036800000000,1e+75,0,10,0,0,7,0,1,1,0,0,1,1,0,0,0,0,0,0,2,0,1,-1,-1,-1,-1,0,10,-1,1,1,3,-1,-1,2,0,0,1,0,0,10,0,0,0,10.19
1,0,0,0,-1,0,1,4,0,0,0,0,-1,0,1,0,0,0,0,2,1,2,0,-1,50,0,9223372036800000000,1e+75,0,10,0,0,7,0,1,1,0,0,1,1,0,0,0,0,0,0,2,0,1,-1,-1,-1,-1,0,10,-1,1,1,3,-1,-1,-1,0,0,1,0,0,10,0,0,0,18.54
1,0,0,0,-1,0,1,4,0,0,0,0,-1,0,1,0,0,0,0,2,1,3,0,-1,50,0,9223372036800000000,1e+75,0,10,0,0,7,0,1,1,0,0,1,1,0,0,0,0,0,0,2,0,1,-1,-1,-1,-1,0,10,-1,1,1,3,-1,-1,0,0,0,1,0,0,10,0,0,0,10.16
1,0,0,0,-1,0,1,4,0,0,0,0,-1,0,1,0,0,0,0,2,1,3,0,-1,50,0,9223372036800000000,1e+75,0,10,0,0,7,0,1,1,0,0,1,1,0,0,0,0,0,0,2,0,1,-1,-1,-1,-1,0,10,-1,0,1,3,-1,-1,-1,0,0,1,0,0,10,0,0,0,23.03
1,0,0,0,-1,0,1,4,0,0,0,0,-1,0,1,0,0,0,0,2,1,3,0,-1,50,0,9223372036800000000,1e+75,0,10,0,0,7,0,1,1,0,0,1,1,1,0,0,0,0,0,2,0,1,-1,-1,-1,-1,0,10,-1,1,1,3,-1,-1,-1,0,0,1,0,0,10,0,0,0,11.85
1,0,0,0,-1,0,1,4,0,0,0,0,-1,0,1,0,0,0,0,2,1,3,0,-1,50,0,9223372036800000000,1e+75,0,10,0,0,7,0,1,1,0,0,1,1,-1,0,0,0,0,0,2,0,1,-1,-1,-1,-1,0,10,-1,1,1,3,-1,-1,-1,0,0,1,0,0,10,0,0,0,10.34
1,0,0,0,-1,0,1,3,0,0,0,0,0,0,-1,2,-1,-1,2,-1,2,3,0,8,200,0,9223372036800000000,30,0,10,0,0,7,0,2,1,0,0,1,1,3,0,0,0,0,3,2,0,1,-1,-1,-1,-1,0,10,-1,1,1,3,-1,-1,-1,0,0,1,0,0,10,0,0,0,1.79769e+308
1,0,0,0,-1,0,1,4,0,0,0,0,-1,0,1,0,0,0,0,2,1,3,0,4,50,0,9223372036800000000,1e+75,0,10,0,0,7,0,1,1,0,0,1,1,0,0,0,0,0,0,2,0,1,-1,-1,-1,-1,0,10,-1,1,1,3,-1,-1,-1,0,0,1,0,0,10,0,0,0,9.07
1,0,0,0,-1,0,1,4,0,0,0,0,-1,0,1,0,0,0,0,2,1,3,0,2,50,0,9223372036800000000,1e+75,0,10,0,0,7,0,1,1,0,0,1,1,0,0,0,0,0,0,2,0,1,-1,-1,-1,-1,0,10,-1,1,1,3,-1,-1,-1,0,0,1,0,0,10,0,0,0,9.07
1,0,0,0,-1,0,1,4,0,0,0,0,-1,0,1,0,0,0,0,2,1,3,0,1,50,0,9223372036800000000,1e+75,0,10,0,0,7,0,1,1,0,0,1,1,0,0,0,0,0,0,2,0,1,-1,-1,-1,-1,0,10,-1,1,1,3,-1,-1,-1,0,0,1,0,0,10,0,0,0,25.26
1,0,0,0,-1,0,1,4,0,0,0,0,-1,0,1,0,0,0,0,2,1,3,0,-1,50,0,9223372036800000000,1e+75,0,10,0,0,7,1,1,1,0,0,1,1,0,0,0,0,0,0,2,0,1,-1,-1,-1,-1,0,10,-1,1,1,3,-1,-1,-1,0,0,1,0,0,10,0,0,0,16.9
1,0,0,0,-1,0,1,4,0,0,0,0,-1,0,1,0,0,0,0,2,1,3,0,-1,50,0,9223372036800000000,1e+75,0,10,0,0,7,0,1,1,0,0,1,1,0,0,500,0,0,0,2,0,1,-1,-1,-1,-1,0,10,-1,1,1,3,-1,-1,-1,0,0,1,0,0,10,0,0,0,9.03
1,0,0,0,-1,0,1,0,0,0,0,0,2,0,1,0,0,0,0,2,1,3,0,-1,800,0,9223372036800000000,1e+75,0,10,0,0,7,0,1,1,0,0,1,1,0,0,0,0,0,0,2,0,1,-1,-1,-1,-1,0,10,-1,1,1,3,-1,-1,-1,0,0,1,0,0,10,0,0,0,16.08
1,0,0,0,-1,0,1,4,0,0,0,0,-1,0,1,0,0,0,0,2,1,3,0,-1,50,0,9223372036800000000,1e+75,0,10,0,0,7,0,1,1,0,0,1,1,0,0,200,0,0,0,2,0,1,-1,-1,-1,-1,0,10,-1,1,1,3,-1,-1,-1,0,0,1,0,0,10,0,0,0,8.58
1,0,0,0,-1,0,1,4,0,0,0,0,-1,0,1,0,0,0,0,2,1,3,0,-1,50,0,9223372036800000000,1e+75,0,10,0,0,7,0,1,1,0,0,1,1,0,0,100,0,0,0,2,0,1,-1,-1,-1,-1,0,10,-1,1,1,3,-1,-1,-1,0,0,1,0,0,10,0,0,0,9.56
1,0,0,0,-1,0,1,4,0,0,0,0,-1,0,1,0,0,0,0,2,1,3,0,-1,50,0,9223372036800000000,1e+75,0,10,0,0,7,0,1,1,0,0,1,1,0,0,60,0,0,0,2,0,1,-1,-1,-1,-1,0,10,-1,1,1,3,-1,-1,-1,0,0,1,0,0,10,0,0,0,8.73
1,0,0,0,-1,0,1,4,0,0,0,0,-1,0,1,0,0,0,0,2,1,3,0,-1,50,0,9223372036800000000,1e+75,0,10,0,0,7,0,1,1,0,0,1,1,0,0,-1,0,0,0,2,0,1,-1,-1,-1,-1,0,10,-1,1,1,3,-1,-1,-1,0,0,1,0,0,10,0,0,0,13.23
1,0,0,0,-1,0,1,5,0,0,0,0,0,0,0,2,-1,0,0,-1,1,3,0,2,800,0,9223372036800000000,1e+75,0,10,0,0,7,0,3,1,0,0,0,1,0,3,0,0,0,2,2,0,1,-1,-1,-1,-1,0,10,-1,1,1,3,-1,-1,-1,0,0,1,0,0,10,0,0,0,27.61
1,0,0,0,-1,0,1,4,0,0,0,0,-1,0,1,0,0,0,0,2,1,3,0,-1,50,0,9223372036800000000,1e+75,0,10,0,0,7,0,1,1,0,0,1,1,0,0,0,0,0,4,2,0,1,-1,-1,-1,-1,0,10,-1,1,1,3,-1,-1,-1,0,0,1,0,0,10,0,0,0,10.87
1,0,0,0,-1,0,1,5,0,0,0,0,2,0,0,2,-1,1,0,-1,1,3,0,2,800,0,9223372036800000000,10,0,10,0,0,7,0,3,1,0,0,0,1,0,3,0,0,0,4,2,0,1,-1,-1,-1,-1,0,10,-1,1,1,3,-1,-1,-1,0,0,1,0,0,10,0,0,0,24.71
1,0,0,0,-1,0,1,4,0,0,0,0,-1,0,1,0,0,0,0,2,1,3,0,-1,50,0,9223372036800000000,1e+75,0,10,0,0,7,0,1,1,0,0,1,1,0,0,0,0,0,0,2,0,1,-1,-1,-1,-1,-1,10,-1,1,1,3,-1,-1,-1,0,0,1,0,0,10,0,0,0,11.5
1,0,0,0,-1,0,1,4,0,0,0,0,-1,0,1,0,0,0,0,2,1,3,0,-1,50,0,9223372036800000000,1e+75,0,10,0,0,7,0,1,1,0,0,1,1,0,0,0,0,0,2,2,0,1,-1,-1,-1,-1,0,10,-1,1,1,3,-1,-1,-1,0,0,1,0,0,10,0,0,0,28.19
1,0,0,0,-1,0,1,4,0,0,0,0,2,0,1,0,0,0,0,2,1,3,0,-1,800,0,9223372036800000000,1e+75,0,10,0,0,7,0,2,1,0,0,1,1,1,0,0,0,0,0,2,0,1,-1,-1,-1,-1,0,10,-1,1,1,3,-1,-1,-1,0,0,1,0,0,10,0,0,0,4.1
1,0,0,0,-1,0,1,4,0,0,0,0,-1,3,1,0,0,0,0,2,1,3,0,-1,50,0,9223372036800000000,1e+75,0,10,0,0,7,0,1,1,0,0,1,1,0,0,0,0,0,0,2,0,1,-1,-1,-1,-1,0,10,-1,1,1,3,-1,-1,-1,0,0,1,0,0,10,0,0,0,10.16
1,0,0,0,-1,0,1,4,0,0,0,0,-1,2,1,0,0,0,0,2,1,3,0,-1,50,0,9223372036800000000,1e+75,0,10,0,0,7,0,1,1,0,0,1,1,0,0,0,0,0,0,2,0,1,-1,-1,-1,-1,0,10,-1,1,1,3,-1,-1,-1,0,0,1,0,0,10,0,0,0,12.84
1,0,0,0,-1,0,1,4,0,0,0,0,-1,1,1,0,0,0,0,2,1,3,0,-1,50,0,9223372036800000000,1e+75,0,10,0,0,7,0,1,1,0,0,1,1,0,0,0,0,0,0,2,0,1,-1,-1,-1,-1,0,10,-1,1,1,3,-1,-1,-1,0,0,1,0,0,10,0,0,0,17.54
1,0,0,0,-1,0,1,4,0,0,0,0,-1,0,1,0,0,0,0,2,1,3,0,-1,50,0,9223372036800000000,1e+75,0,10,0,0,7,-1,1,1,0,0,1,1,0,0,0,0,0,0,2,0,1,-1,-1,-1,-1,0,10,-1,1,1,3,-1,-1,-1,0,0,1,0,0,10,0,0,0,1.79769e+308
1,0,0,0,-1,0,1,4,0,0,0,0,2,0,2,1,2,0,-1,-1,-1,3,0,-1,100,0,9223372036800000000,20,0,10,0,0,7,0,0,1,0,0,1,1,0,3,0,0,0,0,2,0,1,-1,-1,-1,-1,0,10,-1,1,1,3,-1,-1,-1,0,0,1,0,0,10,0,0,0,17.61
1,0,0,0,-1,0,1,4,0,0,0,0,-1,0,1,0,0,0,0,2,1,3,0,-1,50,0,9223372036800000000,1e+75,0,10,0,0,7,0,1,1,0,0,1,1,0,0,0,6,0,0,2,0,1,-1,-1,-1,-1,0,10,-1,1,1,3,-1,-1,-1,0,0,1,0,0,10,0,0,0,9.29
1,0,0,0,-1,0,1,4,0,0,0,0,2,0,2,1,2,0,-1,0,-1,3,0,-1,100,0,9223372036800000000,5,0,10,0,0,7,0,0,1,0,0,1,1,0,3,0,0,0,0,2,0,1,-1,-1,-1,-1,0,10,-1,1,1,3,-1,-1,-1,0,0,1,0,0,10,0,0,0,12.38
1,0,0,0,-1,0,1,4,0,0,0,0,2,0,2,1,2,0,-1,0,-1,3,0,-1,100,0,9223372036800000000,20,0,10,0,0,7,0,1,1,0,0,1,1,0,3,0,0,0,0,2,0,1,-1,-1,-1,-1,0,10,-1,1,1,3,-1,-1,-1,0,0,1,0,0,10,0,0,0,20.16
1,0,0,0,-1,0,1,4,0,0,0,0,2,0,2,1,2,0,-1,0,-1,3,0,-1,100,0,9223372036800000000,20,0,10,0,0,7,0,0,1,0,0,1,1,0,3,0,0,0,0,2,0,1,-1,-1,-1,-1,0,10,-1,1,1,3,-1,-1,-1,0,0,1,0,0,10,0,0,0,12.38
1,0,0,0,-1,0,1,4,0,0,0,0,-1,-1,1,0,0,0,0,2,1,3,0,-1,50,0,9223372036800000000,1e+75,0,10,0,0,7,0,1,1,0,0,1,1,0,0,0,0,0,0,2,0,1,-1,-1,-1,-1,0,10,-1,1,1,3,-1,-1,-1,0,0,1,0,0,10,0,0,0,16.38
1,0,0,0,-1,0,1,4,0,0,0,0,2,0,2,1,0,0,-1,0,-1,3,0,-1,25,0,9223372036800000000,20,0,10,0,0,7,0,0,1,0,0,1,1,0,3,0,0,0,0,2,0,1,-1,-1,-1,-1,0,10,-1,1,1,3,-1,-1,-1,0,0,1,0,0,10,0,0,0,17.9
1,0,0,0,-1,0,1,4,0,0,0,0,2,0,-1,1,2,0,-1,0,-1,3,0,-1,100,0,9223372036800000000,20,0,10,0,0,7,0,0,1,0,0,1,1,0,3,0,0,0,0,2,0,1,-1,-1,-1,-1,0,10,-1,1,1,3,-1,-1,-1,0,0,1,0,0,10,0,0,0,13.73
1,0,0,0,-1,0,1,4,0,0,0,0,2,0,2,1,0,0,-1,0,-1,3,0,-1,100,0,9223372036800000000,20,0,10,0,0,7,0,0,1,0,0,1,1,0,3,0,0,0,0,2,0,1,-1,-1,-1,-1,0,10,-1,1,1,3,-1,-1,-1,0,0,1,0,0,10,0,0,0,12.54
1,0,0,0,-1,0,1,4,0,0,0,0,2,0,2,1,2,0,-1,0,-1,3,0,-1,100,0,9223372036800000000,20,0,10,0,0,7,0,0,1,0,0,2,1,0,3,0,0,0,0,2,0,1,-1,-1,-1,-1,0,10,-1,1,1,3,-1,-1,-1,0,0,1,0,0,10,0,0,0,12.72
1,0,0,0,-1,0,1,1,0,0,0,0,1,0,1,2,-1,-1,0,2,0,3,0,-1,150,0,9223372036800000000,240,0,10,0,0,7,0,0,1,0,0,2,1,0,2,0,0,0,0,2,0,1,-1,-1,-1,-1,0,10,-1,1,1,3,-1,-1,-1,0,0,1,0,0,10,0,0,0,6.44
1,0,0,0,-1,0,1,4,0,0,0,0,-1,0,1,0,0,0,-1,2,1,3,0,-1,400,0,9223372036800000000,1e+75,0,10,0,0,7,0,0,1,0,0,1,1,0,0,0,0,0,0,2,0,1,-1,-1,-1,-1,0,10,-1,1,1,3,-1,-1,-1,0,0,1,0,0,10,0,0,0,8.78
1,0,0,0,-1,0,1,0,0,0,0,0,0,0,0,0,0,0,0,0,1,3,0,-1,200,0,9223372036800000000,1e+75,0,10,0,0,7,0,0,1,0,0,1,1,0,0,0,0,0,0,2,0,1,-1,-1,-1,-1,0,10,-1,1,1,3,-1,-1,-1,0,0,1,0,0,10,0,0,0,12.56
1,0,0,0,-1,0,1,1,0,0,0,0,1,0,1,2,2,2,0,2,0,3,0,-1,150,0,9223372036800000000,240,0,10,0,0,7,0,0,1,0,0,2,1,0,2,0,0,0,0,2,0,1,-1,-1,-1,-1,0,10,-1,1,1,3,-1,-1,-1,0,0,1,0,0,10,0,0,0,7.66
1,0,0,0,-1,0,1,4,0,0,0,0,-1,0,1,0,0,0,-1,2,1,3,0,-1,10,0,9223372036800000000,1e+75,0,10,0,0,7,0,0,1,0,0,1,1,0,0,0,0,0,0,2,0,1,-1,-1,-1,-1,0,10,-1,1,1,3,-1,-1,-1,0,0,1,0,0,10,0,0,0,13.16
1,0,0,0,-1,0,1,3,0,0,0,0,0,0,0,0,0,0,0,0,1,3,0,-1,200,0,9223372036800000000,1e+75,0,10,0,0,7,0,0,1,0,0,1,1,0,0,0,0,0,0,2,0,1,-1,-1,-1,-1,0,10,-1,1,1,3,-1,-1,-1,0,0,1,0,0,10,0,0,0,1.79769e+308
1,0,0,0,-1,0,1,1,0,0,0,0,0,0,2,1,2,0,1,-1,2,3,0,-1,400,0,9223372036800000000,1e+75,0,10,0,0,7,0,0,1,0,0,1,1,0,0,0,0,0,0,2,0,1,-1,-1,-1,-1,0,10,-1,1,1,3,-1,-1,-1,0,0,1,0,0,10,0,0,0,13.05
1,0,0,0,-1,0,1,4,0,0,0,0,-1,0,1,0,0,0,-1,2,-1,3,0,-1,50,0,9223372036800000000,1e+75,0,10,0,0,7,0,0,1,0,0,1,1,0,0,0,0,0,0,2,0,1,-1,-1,-1,-1,0,10,-1,1,1,3,-1,-1,-1,0,0,1,0,0,10,0,0,0,7.08
1,0,0,0,-1,0,1,5,0,0,0,0,2,0,-1,2,-1,0,0,-1,1,3,0,2,800,0,9223372036800000000,10,0,10,0,0,7,0,3,1,0,0,0,1,0,3,0,0,0,4,2,0,1,-1,-1,-1,-1,0,10,-1,1,1,3,-1,-1,-1,0,0,1,0,0,10,0,0,0,20.88
1,0,0,0,-1,0,1,4,0,0,0,0,-1,0,1,0,0,0,-1,2,1,3,0,-1,150,0,9223372036800000000,1e+75,0,10,0,0,7,0,0,1,0,0,1,1,0,0,0,0,0,0,2,0,1,-1,-1,-1,-1,0,10,-1,1,1,3,-1,-1,-1,0,0,1,0,0,10,0,0,0,7.59
1,0,0,0,-1,0,1,4,0,0,0,0,-1,0,1,0,0,0,0,2,1,3,0,-1,50,0,9223372036800000000,1e+75,0,10,0,0,7,0,1,1,0,0,1,1,0,0,0,0,0,0,2,0,1,-1,-1,-1,-1,0,10,-1,1,1,3,-1,-1,-1,0,0,1,0,0,10,1,0,0,11.3
1,0,0,0,-1,0,1,4,0,0,0,0,1,0,1,0,0,0,-1,2,1,3,0,-1,50,0,9223372036800000000,1e+75,0,10,0,0,7,0,0,1,0,0,1,1,0,0,0,0,0,0,2,0,1,-1,-1,-1,-1,0,10,-1,1,1,3,-1,-1,-1,0,0,1,0,0,10,0,0,0,7.08
1,0,0,0,-1,0,1,4,0,0,0,0,0,0,1,0,0,0,-1,2,1,3,0,-1,50,0,9223372036800000000,1e+75,0,10,0,0,7,0,0,1,0,0,1,1,0,0,0,0,0,0,2,0,1,-1,-1,-1,-1,0,10,-1,1,1,3,-1,-1,-1,0,0,1,0,0,10,0,0,0,7.08
1,0,0,0,-1,0,1,4,0,0,0,0,-1,0,1,0,1,0,-1,2,1,3,0,-1,50,0,9223372036800000000,1e+75,0,10,0,0,7,0,0,1,0,0,1,1,0,0,0,0,0,0,2,0,1,-1,-1,-1,-1,0,10,-1,1,1,3,-1,-1,-1,0,0,1,0,0,10,0,0,0,7.08
1,0,0,0,-1,0,1,4,0,0,0,0,-1,0,1,0,0,0,0,2,1,3,0,-1,50,0,9223372036800000000,1e+75,0,10,0,0,7,0,1,1,0,0,1,1,0,0,0,0,0,0,2,0,1,-1,-1,-1,-1,0,10,-1,1,1,3,-1,-1,3,0,0,1,0,0,10,0,0,0,10.18
1,0,0,0,-1,0,1,3,0,0,0,0,-1,0,1,0,0,0,-1,2,1,3,0,-1,50,0,9223372036800000000,1e+75,0,10,0,0,7,0,0,1,0,0,1,1,0,0,0,0,0,0,2,0,1,-1,-1,-1,-1,0,10,-1,1,1,3,-1,-1,-1,0,0,1,0,0,10,0,0,0,1.79769e+308
1,0,0,0,-1,0,1,4,0,0,0,0,-1,0,1,0,0,0,-1,2,1,3,0,-1,50,0,9223372036800000000,1e+75,0,10,0,0,7,0,0,1,0,0,1,1,0,0,0,0,0,0,2,0,1,-1,-1,-1,-1,0,10,-1,1,1,3,-1,-1,-1,0,0,1,0,0,10,0,0,0,7.08
1,0,0,0,-1,0,1,4,0,0,0,0,-1,0,1,0,0,0,0,2,1,3,0,-1,50,0,9223372036800000000,1e+75,0,10,0,0,7,0,1,1,0,0,1,1,0,0,0,0,0,0,2,0,1,-1,-1,-1,-1,0,10,-1,1,1,3,-1,-1,-1,0,0,1,4,0,10,0,0,0,11.6
1,0,0,0,-1,0,1,1,0,0,0,0,-1,0,1,1,2,2,1,2,2,3,0,-1,400,0,9223372036800000000,1e+75,0,10,0,0,7,0,0,1,0,0,1,1,0,0,0,0,0,0,2,0,1,-1,-1,-1,-1,0,10,-1,1,1,3,-1,-1,-1,0,0,1,0,0,10,0,0,0,7.37
1,0,0,0,-1,0,1,1,0,0,0,0,-1,0,2,1,2,2,0,2,2,3,0,-1,400,0,9223372036800000000,1e+75,0,10,0,0,7,0,0,1,0,0,1,1,0,0,0,0,0,0,2,0,1,-1,-1,-1,-1,0,10,-1,1,1,3,-1,-1,-1,0,0,1,0,0,10,0,0,0,8.01
1,0,0,0,-1,0,1,5,0,0,0,0,-1,0,2,1,2,2,1,2,2,3,0,-1,400,0,9223372036800000000,1e+75,0,10,0,0,7,0,0,1,0,0,1,1,0,0,0,0,0,0,2,0,1,-1,-1,-1,-1,0,10,-1,1,1,3,-1,-1,-1,0,0,1,0,0,10,0,0,0,13.83
1,0,0,0,-1,0,1,4,0,0,0,0,2,0,1,0,0,0,0,2,1,3,0,1,800,0,9223372036800000000,1e+75,0,10,0,0,7,0,1,1,0,0,1,1,1,0,0,0,0,0,2,0,1,-1,-1,-1,-1,0,10,-1,1,1,3,-1,-1,-1,0,0,1,0,0,10,0,0,0,16.49
1,0,0,0,-1,0,1,4,0,0,0,0,-1,0,1,0,0,0,0,2,1,3,0,16,50,0,9223372036800000000,1e+75,0,10,0,0,7,0,1,1,0,0,1,1,0,0,0,0,0,0,2,0,1,-1,-1,-1,-1,0,10,-1,1,1,3,-1,-1,-1,0,0,1,0,0,10,0,0,0,9.07
1,0,0,0,-1,0,1,1,0,0,0,0,-1,0,2,1,2,2,1,2,2,3,0,-1,400,0,9223372036800000000,1e+75,0,10,0,0,7,0,0,1,0,0,1,1,0,0,0,0,0,0,2,0,1,-1,-1,-1,-1,0,10,-1,1,1,3,-1,-1,-1,0,0,1,0,0,10,0,0,0,7.11
1,0,0,0,-1,0,1,1,0,0,0,0,-1,0,2,1,2,0,1,2,2,3,0,-1,800,0,9223372036800000000,1e+75,0,10,0,0,7,0,0,1,0,0,1,1,0,0,0,0,0,0,2,0,1,-1,-1,-1,-1,0,10,-1,1,1,3,-1,-1,-1,0,0,1,0,0,10,0,0,0,8.89
1,0,0,0,-1,0,1,4,0,0,0,0,2,0,1,0,0,0,0,2,1,3,0,-1,10,0,9223372036800000000,1e+75,0,10,0,0,7,0,1,1,0,0,1,1,1,0,0,0,0,0,2,0,1,-1,-1,-1,-1,0,10,-1,1,1,3,-1,-1,-1,0,0,1,0,0,10,0,0,0,4.7
1,0,0,0,-1,0,1,0,0,0,0,0,0,0,0,0,0,0,0,0,1,3,0,-1,100,0,9223372036800000000,1e+75,0,10,0,0,7,0,0,1,0,0,1,1,0,0,0,0,0,0,2,0,1,-1,-1,-1,-1,0,10,-1,1,1,3,-1,-1,-1,0,0,1,0,0,10,0,0,0,15.21
1,0,0,0,-1,0,1,0,0,0,0,0,0,0,-1,2,-1,-1,2,-1,2,3,0,8,200,0,9223372036800000000,240,0,10,0,0,7,0,2,1,0,0,1,1,3,0,0,0,0,3,2,0,1,-1,-1,-1,-1,0,10,-1,1,1,3,-1,-1,-1,0,0,1,0,0,10,0,0,0,1.79769e+308
1,0,0,0,-1,0,1,1,0,0,0,0,-1,0,3,1,2,0,1,-1,2,3,0,-1,400,0,9223372036800000000,1e+75,0,10,0,0,7,0,0,1,0,0,1,1,0,0,0,0,0,0,2,0,1,-1,-1,-1,-1,0,10,-1,1,1,3,-1,-1,-1,0,0,1,0,0,10,0,0,0,16.98
1,0,0,0,-1,0,1,3,0,0,0,0,-1,0,2,1,2,0,1,2,2,3,0,-1,400,0,9223372036800000000,1e+75,0,10,0,0,7,0,0,1,0,0,1,1,0,0,0,0,0,0,2,0,1,-1,-1,-1,-1,0,10,-1,1,1,3,-1,-1,-1,0,0,1,0,0,10,0,0,0,1.79769e+308
1,0,0,0,-1,0,1,3,0,0,0,0,2,0,-1,2,-1,-1,2,-1,2,3,0,8,200,0,9223372036800000000,240,0,10,0,0,7,0,2,1,0,0,1,1,3,0,0,0,0,3,2,0,1,-1,-1,-1,-1,0,10,-1,1,1,3,-1,-1,-1,0,0,1,0,0,10,0,0,0,1.79769e+308
1,0,0,0,-1,0,1,0,0,0,0,0,0,0,0,0,0,0,0,0,1,3,0,-1,50,0,9223372036800000000,1e+75,0,10,0,0,7,0,0,1,0,0,1,1,0,0,0,0,0,0,2,0,1,-1,-1,-1,-1,0,10,-1,1,1,3,-1,-1,-1,0,0,1,0,0,10,0,0,0,15.4
1,0,0,0,-1,0,1,0,0,0,0,0,0,0,0,0,0,0,-1,0,1,3,0,-1,200,0,9223372036800000000,1e+75,0,10,0,0,7,0,0,1,0,0,1,1,0,0,0,0,0,0,2,0,1,-1,-1,-1,-1,0,10,-1,1,1,3,-1,-1,-1,0,0,1,0,0,10,0,0,0,17.31
1,0,0,0,-1,0,1,4,0,0,0,0,2,0,2,1,2,0,-1,0,-1,3,0,-1,25,0,9223372036800000000,20,0,10,0,0,7,0,0,1,0,0,1,1,0,3,0,0,0,0,2,0,1,-1,-1,-1,-1,0,10,-1,1,1,3,-1,-1,-1,0,0,1,0,0,10,0,0,0,18.24
1,0,0,0,-1,0,1,4,0,0,0,0,-1,0,1,0,0,0,0,2,1,3,0,-1,50,0,9223372036800000000,1e+75,0,10,0,0,7,0,1,1,0,0,1,1,0,0,0,0,0,0,2,0,1,-1,-1,-1,-1,0,10,-1,1,1,3,-1,-1,-1,0,0,1,0,0,10,0,0,0,6.02
1,0,0,0,-1,0,1,4,0,0,0,0,-1,0,1,0,0,0,0,2,1,3,0,-1,50,0,9223372036800000000,1e+75,0,10,0,0,7,0,0,1,0,0,1,1,0,0,0,0,0,0,2,0,1,-1,-1,-1,-1,0,10,-1,1,1,3,-1,-1,-1,0,0,1,0,0,10,0,0,0,7.03
1,0,0,0,-1,0,1,4,0,0,0,0,2,0,1,0,0,0,0,2,1,3,0,-1,800,0,9223372036800000000,1e+75,0,10,0,0,7,0,1,1,0,0,1,1,0,0,0,0,0,-1,2,0,1,-1,-1,-1,-1,0,10,-1,1,1,3,-1,-1,-1,0,0,1,0,0,10,0,0,0,1.79769e+308
1,0,0,0,-1,0,1,4,0,0,0,0,-1,0,1,0,0,1,-1,2,1,3,0,-1,50,0,9223372036800000000,1e+75,0,10,0,0,7,0,0,1,0,0,1,1,0,0,0,0,0,0,2,0,1,-1,-1,-1,-1,0,10,-1,1,1,3,-1,-1,-1,0,0,1,0,0,10,0,0,0,7.42
1,0,0,0,-1,0,1,3,0,0,0,0,0,0,-1,1,-1,-1,2,-1,2,3,0,8,200,0,9223372036800000000,240,0,10,0,0,7,0,2,1,0,0,1,1,3,0,0,0,0,3,2,0,1,-1,-1,-1,-1,0,10,-1,1,1,3,-1,-1,-1,0,0,1,0,0,10,0,0,0,1.79769e+308
1,0,0,0,-1,0,1,0,0,0,0,0,3,0,3,2,-1,2,1,1,2,3,0,-1,100,0,9223372036800000000,1e+75,0,10,0,0,7,0,0,1,0,0,1,1,0,0,0,0,0,0,2,0,1,-1,-1,-1,-1,0,10,-1,1,1,3,-1,-1,-1,0,0,1,0,0,10,0,0,0,19.12
1,0,0,0,-1,0,1,4,0,0,0,0,-1,0,1,0,0,0,0,2,1,3,0,-1,50,0,9223372036800000000,1e+75,0,10,0,0,7,0,1,1,0,0,1,1,2,0,0,0,0,0,2,0,1,-1,-1,-1,-1,0,10,-1,1,1,3,-1,-1,-1,0,0,1,0,0,10,0,0,0,8.41
1,0,0,0,-1,0,1,1,0,0,0,0,-1,0,2,1,2,0,1,2,2,3,0,-1,400,0,9223372036800000000,1e+75,0,10,0,0,7,0,0,1,0,0,1,1,0,0,0,0,0,0,2,0,1,-1,-1,-1,-1,0,10,-1,1,1,3,-1,-1,-1,0,0,1,0,0,10,0,0,0,7.65
1,0,0,0,-1,0,1,4,0,0,0,0,2,0,1,0,0,0,0,2,1,3,0,-1,800,0,9223372036800000000,1e+75,0,10,0,0,7,0,1,1,0,0,0,1,0,0,0,0,0,0,2,0,1,-1,-1,-1,-1,0,10,-1,1,1,3,-1,-1,-1,0,0,1,0,0,10,0,0,0,14.94
1,0,0,0,-1,0,1,1,0,0,0,0,-1,0,2,-1,2,2,1,2,2,3,0,-1,400,0,9223372036800000000,1e+75,0,10,0,0,7,0,0,1,0,0,1,1,0,0,0,0,0,0,2,0,1,-1,-1,-1,-1,0,10,-1,1,1,3,-1,-1,-1,0,0,1,0,0,10,0,0,0,7.21
1,0,0,0,-1,0,1,4,0,0,0,0,2,0,1,0,2,0,0,2,1,3,0,-1,800,0,9223372036800000000,1e+75,0,10,0,0,7,0,1,1,0,0,1,1,0,0,0,0,0,0,2,0,1,-1,-1,-1,-1,0,10,-1,1,1,3,-1,-1,-1,0,0,1,0,0,10,0,0,0,4.41
1,0,0,0,-1,0,1,5,0,0,0,0,0,0,0,0,0,0,0,0,1,3,0,-1,200,0,9223372036800000000,1e+75,0,10,0,0,7,0,0,1,0,0,1,1,0,0,0,0,0,0,2,0,1,-1,-1,-1,-1,0,10,-1,1,1,3,-1,-1,-1,0,0,1,0,0,10,0,0,0,19.39
1,0,0,0,-1,0,1,4,0,0,0,0,2,0,1,0,0,0,0,2,1,3,0,-1,800,0,9223372036800000000,240,0,10,0,0,7,0,1,1,0,0,1,1,1,0,0,0,0,0,2,0,1,-1,-1,-1,-1,0,10,-1,1,1,3,-1,-1,-1,0,0,1,0,0,10,0,0,0,3.66
1,0,0,0,-1,0,1,0,0,0,0,0,3,0,3,2,0,2,1,0,2,3,0,-1,10,0,9223372036800000000,1e+75,0,10,0,0,7,0,0,1,0,0,1,1,0,0,0,0,0,0,2,0,1,-1,-1,-1,-1,0,10,-1,1,1,3,-1,-1,-1,0,0,1,0,0,10,0,0,0,18.46
1,0,0,0,-1,0,1,4,0,0,0,0,-1,0,1,0,0,0,1,2,1,3,0,-1,50,0,9223372036800000000,1e+75,0,10,0,0,7,0,0,1,0,0,1,1,0,0,0,0,0,0,2,0,1,-1,-1,-1,-1,0,10,-1,1,1,3,-1,-1,-1,0,0,1,0,0,10,0,0,0,7.08
1,0,0,0,-1,0,1,0,0,0,0,0,0,0,0,0,0,0,0,0,1,3,0,-1,25,0,9223372036800000000,1e+75,0,10,0,0,7,0,0,1,0,0,1,1,0,0,0,0,0,0,2,0,1,-1,-1,-1,-1,0,10,-1,1,1,3,-1,-1,-1,0,0,1,0,0,10,0,0,0,15.61
1,0,0,0,-1,0,1,4,0,0,0,0,-1,0,1,0,0,0,0,2,1,3,0,-1,50,0,9223372036800000000,1e+75,0,10,0,0,7,0,1,1,0,0,1,1,0,0,0,0,0,1,2,0,1,-1,-1,-1,-1,0,10,-1,1,1,3,-1,-1,-1,0,0,1,0,0,10,0,0,0,1.79769e+308
1,0,0,0,-1,0,1,1,0,0,0,0,-1,0,2,1,2,0,1,-1,2,3,0,-1,400,0,9223372036800000000,1e+75,0,10,0,0,7,0,0,1,0,0,1,1,0,0,0,0,0,0,2,0,1,-1,-1,-1,-1,0,10,-1,1,1,3,-1,-1,-1,0,0,1,0,0,10,0,0,0,12.55
1,0,0,0,-1,0,1,0,0,0,0,0,0,0,0,0,0,0,0,0,0,3,0,-1,200,0,9223372036800000000,1e+75,0,10,0,0,7,0,0,1,0,0,1,1,0,0,0,0,0,0,2,0,1,-1,-1,-1,-1,0,10,-1,1,1,3,-1,-1,-1,0,0,1,0,0,10,0,0,0,17.31
1,0,0,0,-1,0,1,3,0,0,0,0,0,0,-1,2,-1,-1,2,-1,2,3,0,8,200,0,9223372036800000000,240,0,10,0,0,7,0,2,1,0,0,1,1,3,0,0,0,0,3,2,0,1,-1,-1,-1,-1,0,10,-1,1,1,3,-1,-1,-1,0,0,1,0,0,10,0,0,0,1.79769e+308
1,0,0,0,-1,0,1,1,0,0,0,0,-1,0,2,2,2,0,1,-1,2,3,0,-1,400,0,9223372036800000000,1e+75,0,10,0,0,7,0,0,1,0,0,1,1,0,0,0,0,0,0,2,0,1,-1,-1,-1,-1,0,10,-1,1,1,3,-1,-1,-1,0,0,1,0,0,10,0,0,0,12.55
1,0,0,0,-1,0,1,4,0,0,0,0,-1,0,1,0,0,0,0,2,1,3,0,-1,50,0,9223372036800000000,1e+75,0,10,0,0,7,0,1,1,0,0,1,1,0,0,0,0,0,0,2,0,1,-1,-1,-1,-1,0,10,-1,1,1,3,-1,-1,1,0,0,1,0,0,10,0,0,0,10.16
1,0,0,0,-1,0,1,1,0,0,0,0,3,0,2,1,2,0,1,2,2,3,0,-1,400,0,9223372036800000000,1e+75,0,10,0,0,7,0,0,1,0,0,1,1,0,0,0,0,0,0,2,0,1,-1,-1,-1,-1,0,10,-1,1,1,3,-1,-1,-1,0,0,1,0,0,10,0,0,0,7.65
1,0,0,0,-1,0,1,4,0,0,0,0,2,0,2,0,0,0,0,2,1,3,0,-1,800,0,9223372036800000000,1e+75,0,10,0,0,7,0,1,1,0,0,1,1,0,0,0,0,0,0,2,0,1,-1,-1,-1,-1,0,10,-1,1,1,3,-1,-1,-1,0,0,1,0,0,10,0,0,0,4.24
1,0,0,0,-1,0,1,0,0,0,0,0,0,0,1,0,0,0,0,0,1,3,0,-1,200,0,9223372036800000000,1e+75,0,10,0,0,7,0,0,1,0,0,1,1,0,0,0,0,0,0,2,0,1,-1,-1,-1,-1,0,10,-1,1,1,3,-1,-1,-1,0,0,1,0,0,10,0,0,0,16.98
1,0,0,0,-1,0,1,0,0,0,0,0,0,0,0,0,0,0,0,0,-1,3,0,-1,200,0,9223372036800000000,1e+75,0,10,0,0,7,0,0,1,0,0,1,1,0,0,0,0,0,0,2,0,1,-1,-1,-1,-1,0,10,-1,1,1,3,-1,-1,-1,0,0,1,0,0,10,0,0,0,15.54
1,0,0,0,-1,0,1,4,0,0,0,0,-1,0,1,0,0,0,0,2,1,3,0,-1,50,0,9223372036800000000,1e+75,0,10,0,0,7,0,1,1,0,0,1,1,0,0,0,0,0,-1,2,0,1,-1,-1,-1,-1,0,10,-1,1,1,3,-1,-1,-1,0,0,1,0,0,10,0,0,0,1.79769e+308
1,0,0,0,-1,0,1,4,0,0,0,0,-1,0,1,0,0,0,0,2,1,3,0,-1,50,0,9223372036800000000,240,0,10,0,0,7,0,0,1,0,0,1,1,0,0,0,0,0,0,2,0,1,-1,-1,-1,-1,0,10,-1,1,1,3,-1,-1,-1,0,0,1,0,0,10,0,0,0,7.03
1,0,0,0,-1,0,1,4,0,0,0,0,-1,0,1,0,0,0,0,2,1,3,0,-1,50,0,9223372036800000000,5,0,10,0,0,7,0,1,1,0,0,1,1,0,0,0,0,0,0,2,0,1,-1,-1,-1,-1,0,10,-1,1,1,3,-1,-1,-1,0,0,1,0,0,10,0,0,0,10.16
1,0,0,0,-1,0,1,3,0,0,0,0,0,0,-1,2,-1,-1,2,-1,2,3,0,8,200,0,9223372036800000000,240,0,10,0,0,7,0,2,1,0,0,1,1,3,0,0,0,0,2,2,0,1,-1,-1,-1,-1,0,10,-1,1,1,3,-1,-1,-1,0,0,1,0,0,10,0,0,0,1.79769e+308
1,0,0,0,-1,0,1,4,0,0,0,0,2,0,2,0,0,0,0,2,1,3,0,-1,800,0,9223372036800000000,1e+75,0,10,0,0,7,0,1,1,0,0,1,1,0,0,0,0,0,0,2,0,1,-1,-1,-1,-1,0,10,-1,1,1,3,-1,-1,-1,0,0,1,0,0,10,0,0,0,18.13
1,0,0,0,-1,0,1,4,0,0,0,0,-1,0,1,2,0,0,-1,2,1,3,0,-1,50,0,9223372036800000000,1e+75,0,10,0,0,7,0,0,1,0,0,1,1,0,0,0,0,0,0,2,0,1,-1,-1,-1,-1,0,10,-1,1,1,3,-1,-1,-1,0,0,1,0,0,10,0,0,0,9.06
1,0,0,0,-1,0,1,4,0,0,0,0,-1,0,1,0,0,0,0,2,1,3,0,-1,50,0,9223372036800000000,1e+75,0,10,0,0,7,0,1,1,0,0,0,1,0,0,0,0,0,0,2,0,1,-1,-1,-1,-1,0,10,-1,1,1,3,-1,-1,-1,0,0,1,0,0,10,0,0,0,9.79
1,0,0,0,-1,0,1,4,0,0,0,0,-1,0,3,0,0,0,-1,2,1,3,0,-1,50,0,9223372036800000000,1e+75,0,10,0,0,7,0,0,1,0,0,1,1,0,0,0,0,0,0,2,0,1,-1,-1,-1,-1,0,10,-1,1,1,3,-1,-1,-1,0,0,1,0,0,10,0,0,0,16.34
1,0,0,0,-1,0,1,0,0,0,0,0,0,0,0,0,1,0,0,0,1,3,0,-1,200,0,9223372036800000000,1e+75,0,10,0,0,7,0,0,1,0,0,1,1,0,0,0,0,0,0,2,0,1,-1,-1,-1,-1,0,10,-1,1,1,3,-1,-1,-1,0,0,1,0,0,10,0,0,0,17.4
1,0,0,0,-1,0,1,0,0,0,0,0,2,0,0,0,0,0,0,0,1,3,0,-1,200,0,9223372036800000000,1e+75,0,10,0,0,7,0,0,1,0,0,1,1,0,0,0,0,0,0,2,0,1,-1,-1,-1,-1,0,10,-1,1,1,3,-1,-1,-1,0,0,1,0,0,10,0,0,0,16.7
1,0,0,0,-1,0,1,4,0,0,0,0,-1,0,1,0,0,0,0,2,1,3,0,-1,50,0,9223372036800000000,1e+75,0,10,0,0,7,0,3,1,0,0,1,1,0,0,0,0,0,0,2,0,1,-1,-1,-1,-1,0,10,-1,1,1,3,-1,-1,-1,0,0,1,0,0,10,0,0,0,14.19
1,0,0,0,-1,0,1,0,0,0,0,0,3,0,3,2,1,2,1,1,2,3,0,-1,10,0,9223372036800000000,1e+75,0,10,0,0,7,0,0,1,0,0,1,1,0,0,0,0,0,0,2,0,1,-1,-1,-1,-1,0,10,-1,1,1,3,-1,-1,-1,0,0,1,0,0,10,0,0,0,19.03
1,0,0,0,-1,0,1,4,0,0,0,0,-1,0,1,0,0,0,0,2,1,3,0,-1,50,0,9223372036800000000,1e+75,0,10,0,0,7,0,0,1,0,0,2,1,0,0,0,0,0,0,2,0,1,-1,-1,-1,-1,0,10,-1,1,1,3,-1,-1,-1,0,0,1,0,0,10,0,0,0,7.53
1,0,0,0,-1,0,1,0,0,0,0,0,0,0,0,0,0,-1,0,0,1,3,0,-1,200,0,9223372036800000000,1e+75,0,10,0,0,7,0,0,1,0,0,1,1,0,0,0,0,0,0,2,0,1,-1,-1,-1,-1,0,10,-1,1,1,3,-1,-1,-1,0,0,1,0,0,10,0,0,0,23.9
1,0,0,0,-1,0,1,5,0,0,0,0,-1,0,2,1,2,0,1,-1,2,3,0,-1,400,0,9223372036800000000,1e+75,0,10,0,0,7,0,0,1,0,0,1,1,0,0,0,0,0,0,2,0,1,-1,-1,-1,-1,0,10,-1,1,1,3,-1,-1,-1,0,0,1,0,0,10,0,0,0,16.93
1,0,0,0,-1,0,1,4,0,0,0,0,2,0,3,0,0,0,0,2,1,3,0,-1,800,0,9223372036800000000,1e+75,0,10,0,0,7,0,1,1,0,0,1,1,0,0,0,0,0,0,2,0,1,-1,-1,-1,-1,0,10,-1,1,1,3,-1,-1,-1,0,0,1,0,0,10,0,0,0,10.03
1,0,0,0,-1,0,1,4,0,0,0,0,-1,0,1,0,0,0,-1,1,1,3,0,-1,50,0,9223372036800000000,1e+75,0,10,0,0,7,0,0,1,0,0,1,1,0,0,0,0,0,0,2,0,1,-1,-1,-1,-1,0,10,-1,1,1,3,-1,-1,-1,0,0,1,0,0,10,0,0,0,10.1
1,0,0,0,-1,0,1,4,0,0,0,0,-1,0,-1,0,0,0,0,2,1,3,0,-1,50,0,9223372036800000000,1e+75,0,10,0,0,7,0,0,1,0,0,1,1,0,0,0,0,0,0,2,0,1,-1,-1,-1,-1,0,10,-1,1,1,3,-1,-1,-1,0,0,1,0,0,10,0,0,0,7.04
1,0,0,0,-1,0,1,0,0,0,0,0,3,0,1,2,0,2,1,0,2,3,0,-1,10,0,9223372036800000000,1e+75,0,10,0,0,7,0,0,1,0,0,1,1,0,0,0,0,0,0,2,0,1,-1,-1,-1,-1,0,10,-1,1,1,3,-1,-1,-1,0,0,1,0,0,10,0,0,0,17.71
1,0,0,0,-1,0,1,0,0,0,0,0,0,0,0,0,0,1,0,0,0,3,0,-1,200,0,9223372036800000000,1e+75,0,10,0,0,7,0,0,1,0,0,1,1,0,0,0,0,0,0,2,0,1,-1,-1,-1,-1,0,10,-1,1,1,3,-1,-1,-1,0,0,1,0,0,10,0,0,0,18.17
1,0,0,0,-1,0,1,4,0,0,0,0,2,0,1,0,2,0,0,2,1,3,0,-1,800,0,9223372036800000000,1e+75,0,10,0,0,7,0,1,1,0,0,1,1,1,0,0,0,0,0,2,0,1,-1,-1,-1,-1,0,10,-1,1,1,3,-1,-1,-1,0,0,1,0,0,10,0,0,0,3.66
1,0,0,0,-1,0,1,4,0,0,0,0,2,0,2,1,2,0,-1,0,-1,3,0,-1,100,0,9223372036800000000,20,0,10,0,0,7,0,0,1,0,0,1,1,0,0,0,0,0,0,2,0,1,-1,-1,-1,-1,0,10,-1,1,1,3,-1,-1,-1,0,0,1,0,0,10,0,0,0,11.68
1,0,0,0,-1,0,1,0,0,0,0,0,0,0,3,0,0,0,0,0,1,3,0,-1,200,0,9223372036800000000,1e+75,0,10,0,0,7,0,0,1,0,0,1,1,0,0,0,0,0,0,2,0,1,-1,-1,-1,-1,0,10,-1,1,1,3,-1,-1,-1,0,0,1,0,0,10,0,0,0,1.79769e+308
1,0,0,0,-1,0,1,1,0,0,0,0,-1,0,0,1,2,0,1,2,2,3,0,-1,400,0,9223372036800000000,1e+75,0,10,0,0,7,0,0,1,0,0,1,1,0,0,0,0,0,0,2,0,1,-1,-1,-1,-1,0,10,-1,1,1,3,-1,-1,-1,0,0,1,0,0,10,0,0,0,7.65
1,0,0,0,-1,0,1,0,0,0,0,0,0,0,0,0,0,0,0,0,1,3,0,-1,10,0,9223372036800000000,1e+75,0,10,0,0,7,0,0,1,0,0,1,1,0,0,0,0,0,0,2,0,1,-1,-1,-1,-1,0,10,-1,1,1,3,-1,-1,-1,0,0,1,0,0,10,0,0,0,1.79769e+308
1,0,0,0,-1,0,1,1,0,0,0,0,1,0,1,2,2,-1,0,2,0,3,0,-1,150,0,9223372036800000000,240,0,10,0,0,7,0,0,1,0,0,1,1,0,2,0,0,0,0,2,0,1,-1,-1,-1,-1,0,10,-1,1,1,3,-1,-1,-1,0,0,1,0,0,10,0,0,0,6.52
1,0,0,0,-1,0,1,0,0,0,0,0,3,0,3,2,-1,-1,1,1,2,3,0,-1,10,0,9223372036800000000,1e+75,0,10,0,0,7,0,0,1,0,0,1,1,0,0,0,0,0,0,2,0,1,-1,-1,-1,-1,0,10,-1,1,1,3,-1,-1,-1,0,0,1,0,0,10,0,0,0,20.3
1,0,0,0,-1,0,1,0,0,0,0,0,1,0,0,0,0,0,0,0,1,3,0,-1,200,0,9223372036800000000,1e+75,0,10,0,0,7,0,0,1,0,0,1,1,0,0,0,0,0,0,2,0,1,-1,-1,-1,-1,0,10,-1,1,1,3,-1,-1,-1,0,0,1,0,0,10,0,0,0,16.95
1,0,0,0,-1,0,1,0,0,0,0,0,3,0,3,2,2,2,1,1,2,3,0,-1,10,0,9223372036800000000,1e+75,0,10,0,0,7,0,0,1,0,0,1,1,0,0,0,0,0,0,2,0,1,-1,-1,-1,-1,0,10,-1,1,1,3,-1,-1,-1,0,0,1,0,0,10,0,0,0,19.03
1,0,0,0,-1,0,1,3,0,0,0,0,0,0,-1,2,1,-1,2,-1,2,3,0,8,200,0,9223372036800000000,240,0,10,0,0,7,0,2,1,0,0,1,1,3,0,0,0,0,3,2,0,1,-1,-1,-1,-1,0,10,-1,1,1,3,-1,-1,-1,0,0,1,0,0,10,0,0,0,1.79769e+308
1,0,0,0,-1,0,1,0,0,0,0,0,3,0,-1,2,-1,2,1,1,2,3,0,-1,10,0,9223372036800000000,1e+75,0,10,0,0,7,0,0,1,0,0,1,1,0,0,0,0,0,0,2,0,1,-1,-1,-1,-1,0,10,-1,1,1,3,-1,-1,-1,0,0,1,0,0,10,0,0,0,20.77
1,0,0,0,-1,0,1,1,0,0,0,0,-1,0,1,0,0,0,0,2,1,3,0,-1,50,0,9223372036800000000,1e+75,0,10,0,0,7,0,0,1,0,0,1,1,0,0,0,0,0,0,2,0,1,-1,-1,-1,-1,0,10,-1,1,1,3,-1,-1,-1,0,0,1,0,0,10,0,0,0,12.76
1,0,0,0,-1,0,1,0,0,0,0,0,3,0,3,2,-1,2,1,1,2,3,0,-1,800,0,9223372036800000000,1e+75,0,10,0,0,7,0,0,1,0,0,1,1,0,0,0,0,0,0,2,0,1,-1,-1,-1,-1,0,10,-1,1,1,3,-1,-1,-1,0,0,1,0,0,10,0,0,0,20.83
1,0,0,0,-1,0,1,0,0,0,0,0,3,0,3,0,-1,2,1,1,2,3,0,-1,10,0,9223372036800000000,1e+75,0,10,0,0,7,0,0,1,0,0,1,1,0,0,0,0,0,0,2,0,1,-1,-1,-1,-1,0,10,-1,1,1,3,-1,-1,-1,0,0,1,0,0,10,0,0,0,19.03
1,0,0,0,-1,0,1,0,0,0,0,0,0,0,0,1,0,0,0,0,0,3,0,-1,200,0,9223372036800000000,1e+75,0,10,0,0,7,0,0,1,0,0,1,1,0,0,0,0,0,0,2,0,1,-1,-1,-1,-1,0,10,-1,1,1,3,-1,-1,-1,0,0,1,0,0,10,0,0,0,18.03
1,0,0,0,-1,0,1,1,0,0,0,0,1,0,1,2,2,-1,0,2,0,3,0,-1,150,0,9223372036800000000,20,0,10,0,0,7,0,0,1,0,0,2,1,0,2,0,0,0,0,2,0,1,-1,-1,-1,-1,0,10,-1,1,1,3,-1,-1,-1,0,0,1,0,0,10,0,0,0,6.52
1,0,0,0,-1,0,1,5,0,0,0,0,2,0,0,2,1,0,0,-1,1,3,0,2,800,0,9223372036800000000,10,0,10,0,0,7,0,3,1,0,0,0,1,0,-1,0,0,0,-1,2,0,1,-1,-1,-1,-1,0,10,-1,1,1,3,-1,-1,-1,0,0,1,0,0,10,0,0,0,13.58
1,0,0,0,-1,0,1,4,0,0,0,0,2,0,1,0,0,0,0,2,1,3,0,-1,800,0,9223372036800000000,1e+75,0,10,0,0,7,0,1,1,0,0,1,1,0,0,0,0,0,2,2,0,1,-1,-1,-1,-1,0,10,-1,1,1,3,-1,-1,-1,0,0,1,0,0,10,0,0,0,27.42
1,0,0,0,-1,0,1,0,0,0,0,0,3,0,3,2,-1,0,1,1,2,3,0,-1,10,0,9223372036800000000,1e+75,0,10,0,0,7,0,0,1,0,0,1,1,0,0,0,0,0,0,2,0,1,-1,-1,-1,-1,0,10,-1,1,1,3,-1,-1,-1,0,0,1,0,0,10,0,0,0,19.57
1,0,0,0,-1,0,1,0,0,0,0,0,3,0,3,-1,-1,2,1,1,2,3,0,-1,10,0,9223372036800000000,1e+75,0,10,0,0,7,0,0,1,0,0,1,1,0,0,0,0,0,0,2,0,1,-1,-1,-1,-1,0,10,-1,1,1,3,-1,-1,-1,0,0,1,0,0,10,0,0,0,19.03
1,0,0,0,-1,0,1,4,0,0,0,0,-1,0,1,0,0,0,0,2,1,3,0,-1,400,0,9223372036800000000,1e+75,0,10,0,0,7,0,1,1,0,0,1,1,0,0,0,0,0,0,2,0,1,-1,-1,-1,-1,0,10,-1,1,1,3,-1,-1,-1,0,0,1,0,0,10,0,0,0,10.21
1,0,0,0,-1,0,1,0,0,0,0,0,3,0,3,2,-1,2,1,1,2,3,0,-1,50,0,9223372036800000000,1e+75,0,10,0,0,7,0,0,1,0,0,1,1,0,0,0,0,0,0,2,0,1,-1,-1,-1,-1,0,10,-1,1,1,3,-1,-1,-1,0,0,1,0,0,10,0,0,0,19.31
1,0,0,0,-1,0,1,1,0,0,0,0,-1,0,2,0,2,0,1,2,2,3,0,-1,400,0,9223372036800000000,1e+75,0,10,0,0,7,0,0,1,0,0,1,1,0,0,0,0,0,0,2,0,1,-1,-1,-1,-1,0,10,-1,1,1,3,-1,-1,-1,0,0,1,0,0,10,0,0,0,7.65
1,0,0,0,-1,0,1,0,0,0,0,0,3,0,3,2,-1,2,2,1,2,3,0,-1,10,0,9223372036800000000,1e+75,0,10,0,0,7,0,0,1,0,0,1,1,0,0,0,0,0,0,2,0,1,-1,-1,-1,-1,0,10,-1,1,1,3,-1,-1,-1,0,0,1,0,0,10,0,0,0,19.03
1,0,0,0,-1,0,1,4,0,0,0,0,-1,0,1,0,0,0,0,2,1,3,0,8,50,0,9223372036800000000,1e+75,0,10,0,0,7,0,1,1,0,0,1,1,0,0,0,0,0,0,2,0,1,-1,-1,-1,-1,0,10,-1,1,1,3,-1,-1,-1,0,0,1,0,0,10,0,0,0,9.07
1,0,0,0,-1,0,1,0,0,0,0,0,3,0,3,2,0,2,1,1,2,3,0,-1,10,0,9223372036800000000,1e+75,0,10,0,0,7,0,0,1,0,0,1,1,0,0,0,0,0,0,2,0,1,-1,-1,-1,-1,0,10,-1,1,1,3,-1,-1,-1,0,0,1,0,0,10,0,0,0,19.03
1,0,0,0,-1,0,1,5,0,0,0,0,2,0,0,2,-1,0,0,-1,1,3,0,2,800,0,9223372036800000000,1e+75,0,10,0,0,7,0,3,1,0,0,0,1,0,3,0,0,0,-1,2,0,1,-1,-1,-1,-1,0,10,-1,1,1,3,-1,-1,-1,0,0,1,0,0,10,0,0,0,13.58
1,0,0,0,-1,0,1,0,0,0,0,0,3,0,3,2,1,2,1,0,2,3,0,-1,10,0,9223372036800000000,1e+75,0,10,0,0,7,0,0,1,0,0,1,1,0,0,0,0,0,0,2,0,1,-1,-1,-1,-1,0,10,-1,1,1,3,-1,-1,-1,0,0,1,0,0,10,0,0,0,18.68
1,0,0,0,-1,0,1,4,0,0,0,0,2,0,1,0,0,0,0,2,1,3,0,-1,800,0,9223372036800000000,10,0,10,0,0,7,0,1,1,0,0,1,1,0,0,0,0,0,0,2,0,1,-1,-1,-1,-1,0,10,-1,1,1,3,-1,-1,-1,0,0,1,0,0,10,0,0,0,4.24
1,0,0,0,-1,0,1,3,0,0,0,0,0,0,-1,2,-1,-1,2,-1,2,3,0,8,200,0,9223372036800000000,40,0,10,0,0,7,0,2,1,0,0,1,1,3,0,0,0,0,3,2,0,1,-1,-1,-1,-1,0,10,-1,1,1,3,-1,-1,-1,0,0,1,0,0,10,0,0,0,1.79769e+308
1,0,0,0,-1,0,1,1,0,0,0,0,0,0,2,1,2,2,1,2,2,3,0,-1,400,0,9223372036800000000,1e+75,0,10,0,0,7,0,0,1,0,0,1,1,0,0,0,0,0,0,2,0,1,-1,-1,-1,-1,0,10,-1,1,1,3,-1,-1,-1,0,0,1,0,0,10,0,0,0,7.21
1,0,0,0,-1,0,1,0,0,0,0,0,3,0,3,0,0,2,1,0,2,3,0,-1,10,0,9223372036800000000,1e+75,0,10,0,0,7,0,0,1,0,0,1,1,0,0,0,0,0,0,2,0,1,-1,-1,-1,-1,0,10,-1,1,1,3,-1,-1,-1,0,0,1,0,0,10,0,0,0,20.15
1,0,0,0,-1,0,1,4,0,0,0,0,-1,0,1,0,0,0,0,2,1,3,0,-1,50,0,9223372036800000000,0,0,10,0,0,7,0,1,1,0,0,1,1,0,0,0,0,0,0,2,0,1,-1,-1,-1,-1,0,10,-1,1,1,3,-1,-1,-1,0,0,1,0,0,10,0,0,0,10.16
1,0,0,0,-1,0,1,0,0,0,0,0,3,0,3,-1,0,2,1,0,2,3,0,-1,10,0,9223372036800000000,1e+75,0,10,0,0,7,0,0,1,0,0,1,1,0,0,0,0,0,0,2,0,1,-1,-1,-1,-1,0,10,-1,1,1,3,-1,-1,-1,0,0,1,0,0,10,0,0,0,19.77
1,0,0,0,-1,0,1,1,0,0,0,0,-1,0,2,1,1,0,1,-1,2,3,0,-1,400,0,9223372036800000000,1e+75,0,10,0,0,7,0,0,1,0,0,1,1,0,0,0,0,0,0,2,0,1,-1,-1,-1,-1,0,10,-1,1,1,3,-1,-1,-1,0,0,1,0,0,10,0,0,0,12.55
1,0,0,0,-1,0,1,0,0,0,0,0,3,0,2,2,0,2,1,0,2,3,0,-1,10,0,9223372036800000000,1e+75,0,10,0,0,7,0,0,1,0,0,1,1,0,0,0,0,0,0,2,0,1,-1,-1,-1,-1,0,10,-1,1,1,3,-1,-1,-1,0,0,1,0,0,10,0,0,0,17.81
1,0,0,0,-1,0,1,0,0,0,0,0,3,0,3,2,-1,2,1,1,2,3,0,-1,10,0,9223372036800000000,1e+75,0,10,0,0,7,0,0,1,0,0,1,1,0,0,0,0,0,0,2,0,1,-1,-1,-1,-1,0,10,-1,1,1,3,-1,-1,-1,0,0,1,0,0,10,0,0,0,19.03
1,0,0,0,-1,0,1,4,0,0,0,0,-1,0,1,0,0,0,0,2,1,3,0,-1,50,0,9223372036800000000,1e+75,0,10,0,0,7,0,0,1,0,0,1,1,0,-1,0,0,0,0,2,0,1,-1,-1,-1,-1,0,10,-1,1,1,3,-1,-1,-1,0,0,1,0,0,10,0,0,0,14.78
1,0,0,0,-1,0,1,4,0,0,0,0,-1,0,1,0,0,0,0,2,1,3,0,-1,50,0,9223372036800000000,1e+75,0,10,0,0,7,0,1,1,0,0,1,1,3,0,0,0,0,0,2,0,1,-1,-1,-1,-1,0,10,-1,1,1,3,-1,-1,-1,0,0,1,0,0,10,0,0,0,10.25
1,0,0,0,-1,0,1,4,0,0,0,0,-1,0,1,0,0,0,0,2,1,3,0,-1,50,0,9223372036800000000,1e+75,0,10,0,0,7,0,0,1,0,0,1,1,0,1,0,0,0,0,2,0,1,-1,-1,-1,-1,0,10,-1,1,1,3,-1,-1,-1,0,0,1,0,0,10,0,0,0,14.34
1,0,0,0,-1,0,1,4,0,0,0,0,-1,0,1,0,0,0,0,2,1,3,0,-1,50,0,9223372036800000000,1e+75,0,10,0,0,7,0,0,1,0,0,1,1,0,2,0,0,0,0,2,0,1,-1,-1,-1,-1,0,10,-1,1,1,3,-1,-1,-1,0,0,1,0,0,10,0,0,0,15.65
1,0,0,0,-1,0,1,4,0,0,0,0,-1,0,1,0,0,0,0,2,1,3,0,-1,50,0,9223372036800000000,60,0,10,0,0,7,0,0,1,0,0,1,1,0,0,0,0,0,0,2,0,1,-1,-1,-1,-1,0,10,-1,1,1,3,-1,-1,-1,0,0,1,0,0,10,0,0,0,7.03
1,0,0,0,-1,0,1,4,0,0,0,0,-1,0,1,0,0,0,0,2,1,3,0,-1,50,0,9223372036800000000,1e+75,0,10,0,0,7,0,1,1,0,0,1,1,0,0,1000,0,0,0,2,0,1,-1,-1,-1,-1,0,10,-1,1,1,3,-1,-1,-1,0,0,1,0,0,10,0,0,0,9.03
1,0,0,0,-1,0,1,4,0,0,0,0,2,0,2,1,2,0,-1,0,-1,3,0,-1,100,0,9223372036800000000,20,0,10,0,0,7,0,3,1,0,0,1,1,0,3,0,0,0,0,2,0,1,-1,-1,-1,-1,0,10,-1,1,1,3,-1,-1,-1,0,0,1,0,0,10,0,0,0,12.38
1,0,0,0,-1,0,1,4,0,0,0,0,-1,0,1,0,0,0,0,2,1,3,0,-1,50,0,9223372036800000000,120,0,10,0,0,7,0,0,1,0,0,1,1,0,0,0,0,0,0,2,0,1,-1,-1,-1,-1,0,10,-1,1,1,3,-1,-1,-1,0,0,1,0,0,10,0,0,0,7.03
1,0,0,0,-1,0,1,1,0,0,0,0,-1,0,2,1,2,0,1,2,2,3,0,-1,25,0,9223372036800000000,1e+75,0,10,0,0,7,0,0,1,0,0,1,1,0,0,0,0,0,0,2,0,1,-1,-1,-1,-1,0,10,-1,1,1,3,-1,-1,-1,0,0,1,0,0,10,0,0,0,9.93
1,0,0,0,-1,0,1,4,0,0,0,0,-1,0,1,0,0,0,0,2,1,3,0,-1,50,0,9223372036800000000,1e+75,0,10,0,0,4,0,0,1,0,0,1,1,0,0,0,0,0,0,2,0,1,-1,-1,-1,-1,0,10,-1,1,1,3,-1,-1,-1,0,0,1,0,0,10,0,0,0,14.83
1,0,0,0,-1,0,1,4,0,0,0,0,2,0,1,0,2,0,0,2,1,3,0,-1,800,0,9223372036800000000,1e+75,0,10,0,0,7,0,1,1,0,0,1,1,0,0,0,0,0,0,2,0,1,-1,-1,-1,-1,0,10,-1,1,1,3,-1,-1,-1,0,0,1,0,0,10,0,0,0,18.13
1,0,0,0,-1,0,1,4,0,0,0,0,-1,0,0,0,0,0,0,2,1,3,0,-1,50,0,9223372036800000000,1e+75,0,10,0,0,7,0,1,1,0,0,1,1,0,0,0,0,0,0,2,0,1,-1,-1,-1,-1,0,10,-1,1,1,3,-1,-1,-1,0,0,1,0,0,10,0,0,0,10.22
1,0,0,0,-1,0,1,5,0,0,0,0,0,0,0,2,-1,0,0,-1,1,3,0,2,800,0,9223372036800000000,10,0,10,0,0,7,0,3,1,0,0,0,1,0,3,0,0,0,4,2,0,1,-1,-1,-1,-1,0,10,-1,1,1,3,-1,-1,-1,0,0,1,0,0,10,0,0,0,20.88
1,0,0,0,-1,0,1,4,0,0,0,0,-1,0,-1,0,0,0,0,2,1,3,0,-1,50,0,9223372036800000000,1e+75,0,10,0,0,7,0,1,1,0,0,1,1,0,0,0,0,0,0,2,0,1,-1,-1,-1,-1,0,10,-1,1,1,3,-1,-1,-1,0,0,1,0,0,10,0,0,0,10.16
1,0,0,0,-1,0,1,4,0,0,0,0,-1,0,1,0,0,0,0,2,1,3,0,-1,50,0,9223372036800000000,1e+75,0,10,0,0,7,0,1,1,0,0,1,1,0,0,0,0,2,0,2,0,1,-1,-1,-1,-1,0,10,-1,1,1,3,-1,-1,-1,0,0,1,0,0,10,0,0,0,6.02
1,0,0,0,-1,0,1,4,0,0,0,0,-1,0,3,0,0,0,0,2,1,3,0,-1,50,0,9223372036800000000,1e+75,0,10,0,0,7,0,1,1,0,0,1,1,0,0,0,0,0,0,2,0,1,-1,-1,-1,-1,0,10,-1,1,1,3,-1,-1,-1,0,0,1,0,0,10,0,0,0,19.32
1,0,0,0,-1,0,1,4,0,0,0,0,2,0,1,0,0,0,0,2,1,3,0,-1,800,0,9223372036800000000,1e+75,0,10,0,0,7,0,1,1,0,0,1,1,0,0,0,0,0,0,2,0,1,-1,-1,-1,-1,0,10,-1,1,1,3,-1,-1,-1,0,0,1,0,0,10,0,0,0,3.76
1,0,0,0,-1,0,1,4,0,0,0,0,2,0,1,1,0,0,0,2,1,3,0,-1,800,0,9223372036800000000,1e+75,0,10,0,0,7,0,1,1,0,0,1,1,0,0,0,0,0,0,2,0,1,-1,-1,-1,-1,0,10,-1,1,1,3,-1,-1,-1,0,0,1,0,0,10,0,0,0,17.88
1,0,0,0,-1,0,1,4,0,0,0,0,-1,0,1,0,0,0,0,2,1,3,0,-1,50,0,9223372036800000000,1e+75,0,10,0,0,7,0,1,1,0,0,1,1,0,0,0,0,0,3,2,0,1,-1,-1,-1,-1,0,10,-1,1,1,3,-1,-1,-1,0,0,1,0,0,10,0,0,0,1.79769e+308
1,0,0,0,-1,0,1,4,0,0,0,0,-1,0,1,0,0,0,0,2,1,3,0,-1,50,0,9223372036800000000,1e+75,0,10,0,0,5,0,0,1,0,0,1,1,0,0,0,0,0,0,2,0,1,-1,-1,-1,-1,0,10,-1,1,1,3,-1,-1,-1,0,0,1,0,0,10,0,0,0,14.78
1,0,0,0,-1,0,1,4,0,0,0,0,-1,0,1,0,0,0,-1,2,1,3,0,-1,50,0,9223372036800000000,1e+75,0,10,0,0,7,0,1,1,0,0,1,1,0,0,0,0,0,0,2,0,1,-1,-1,-1,-1,0,10,-1,1,1,3,-1,-1,-1,0,0,1,0,0,10,0,0,0,19.77
1,0,0,0,-1,0,1,4,0,0,0,0,-1,0,1,0,0,0,-1,2,1,3,0,-1,200,0,9223372036800000000,1e+75,0,10,0,0,7,0,0,1,0,0,1,1,0,0,0,0,0,0,2,0,1,-1,-1,-1,-1,0,10,-1,1,1,3,-1,-1,-1,0,0,1,0,0,10,0,0,0,7.55
1,0,0,0,-1,0,1,4,0,0,0,0,-1,0,1,0,1,0,0,2,1,3,0,-1,50,0,9223372036800000000,1e+75,0,10,0,0,7,0,1,1,0,0,1,1,0,0,0,0,0,0,2,0,1,-1,-1,-1,-1,0,10,-1,1,1,3,-1,-1,-1,0,0,1,0,0,10,0,0,0,11.02
1,0,0,0,-1,0,1,4,0,0,0,0,-1,0,1,0,0,0,0,2,2,3,0,-1,50,0,9223372036800000000,1e+75,0,10,0,0,7,0,1,1,0,0,1,1,0,0,0,0,0,0,2,0,1,-1,-1,-1,-1,0,10,-1,1,1,3,-1,-1,-1,0,0,1,0,0,10,0,0,0,10.19
1,0,0,0,-1,0,1,4,0,0,0,0,-1,0,1,0,0,0,0,2,-1,3,0,-1,50,0,9223372036800000000,1e+75,0,10,0,0,7,0,1,1,0,0,1,1,0,0,0,0,0,0,2,0,1,-1,-1,-1,-1,0,10,-1,1,1,3,-1,-1,-1,0,0,1,0,0,10,0,0,0,10.16
1,0,0,0,-1,0,1,4,0,0,0,0,-1,0,1,0,0,0,0,2,1,3,0,-1,50,0,9223372036800000000,1e+75,0,10,0,0,7,0,1,1,0,0,1,1,0,0,0,0,0,0,2,0,1,-1,-1,-1,-1,0,10,-1,1,1,3,-1,-1,-1,0,0,1,0,0,10,0,0,0,5.34
1,0,0,0,-1,0,1,4,0,0,0,0,-1,0,1,0,0,0,0,2,1,3,0,-1,50,0,9223372036800000000,1e+75,0,10,0,0,7,0,1,1,0,0,1,0,0,0,0,0,0,0,2,0,1,-1,-1,-1,-1,0,10,-1,1,1,3,-1,-1,-1,0,0,1,0,0,10,0,0,0,9.07
1,0,0,0,-1,0,1,4,0,0,0,0,-1,0,1,0,0,0,0,2,1,3,0,-1,50,0,9223372036800000000,1e+75,0,10,0,0,7,0,1,1,0,0,1,1,0,0,20,0,0,0,2,0,1,-1,-1,-1,-1,0,10,-1,1,1,3,-1,-1,-1,0,0,1,0,0,10,0,0,0,8.75
1,0,0,0,-1,0,1,4,0,0,0,0,-1,0,1,0,0,0,0,2,1,3,0,-1,50,0,9223372036800000000,1e+75,0,10,0,0,3,0,0,1,0,0,1,1,0,0,0,0,0,0,2,0,1,-1,-1,-1,-1,0,10,-1,1,1,3,-1,-1,-1,0,0,1,0,0,10,0,0,0,14.78
1,0,0,0,-1,0,1,4,0,0,0,0,2,0,1,0,0,0,1,2,1,3,0,-1,800,0,9223372036800000000,1e+75,0,10,0,0,7,0,1,1,0,0,1,1,0,0,0,0,0,0,2,0,1,-1,-1,-1,-1,0,10,-1,1,1,3,-1,-1,-1,0,0,1,0,0,10,0,0,0,4.24
1,0,0,0,-1,0,1,4,0,0,0,0,-1,0,1,0,0,0,0,2,1,3,0,-1,50,0,9223372036800000000,1e+75,0,10,0,0,7,0,1,1,0,0,1,1,0,0,40,0,0,0,2,0,1,-1,-1,-1,-1,0,10,-1,1,1,3,-1,-1,-1,0,0,1,0,0,10,0,0,0,9.23
1,0,0,0,-1,0,1,4,0,0,0,0,-1,0,1,0,0,0,0,2,1,3,0,-1,50,0,9223372036800000000,2,0,10,0,0,7,0,1,1,0,0,1,1,0,0,0,0,0,0,2,0,1,-1,-1,-1,-1,0,10,-1,1,1,3,-1,-1,-1,0,0,1,0,0,10,0,0,0,5.36
1,0,0,0,-1,0,1,4,0,0,0,0,2,0,1,0,0,0,0,2,1,3,0,-1,800,0,9223372036800000000,1e+75,0,10,0,0,7,0,1,1,0,0,1,1,1,0,0,0,0,-1,2,0,1,-1,-1,-1,-1,0,10,-1,1,1,3,-1,-1,-1,0,0,1,0,0,10,0,0,0,3.36
1,0,0,0,-1,0,1,4,0,0,0,0,-1,0,1,0,0,0,-1,2,1,3,0,-1,100,0,9223372036800000000,1e+75,0,10,0,0,7,0,0,1,0,0,1,1,0,0,0,0,0,0,2,0,1,-1,-1,-1,-1,0,10,-1,1,1,3,-1,-1,-1,0,0,1,0,0,10,0,0,0,9.3
1,0,0,0,-1,0,1,4,0,0,0,0,-1,0,1,0,0,0,0,2,1,3,0,-1,800,0,9223372036800000000,1e+75,0,10,0,0,7,0,1,1,0,0,1,1,0,0,0,0,0,0,2,0,1,-1,-1,-1,-1,0,10,-1,1,1,3,-1,-1,-1,0,0,1,0,0,10,0,0,0,4.47
1,0,0,0,-1,0,1,1,0,0,0,0,1,0,1,2,2,-1,0,2,0,3,0,-1,150,0,9223372036800000000,30,0,10,0,0,7,0,0,1,0,0,2,1,0,2,0,0,0,0,2,0,1,-1,-1,-1,-1,0,10,-1,1,1,3,-1,-1,-1,0,0,1,0,0,10,0,0,0,6.52
1,0,0,0,-1,0,1,4,0,0,0,0,2,0,2,1,1,0,-1,0,-1,3,0,-1,100,0,9223372036800000000,20,0,10,0,0,7,0,0,1,0,0,1,1,0,3,0,0,0,0,2,0,1,-1,-1,-1,-1,0,10,-1,1,1,3,-1,-1,-1,0,0,1,0,0,10,0,0,0,12.38
1,0,0,0,-1,0,1,4,0,0,0,0,2,0,0,0,0,0,0,2,1,3,0,-1,800,0,9223372036800000000,1e+75,0,10,0,0,7,0,1,1,0,0,1,1,0,0,0,0,0,0,2,0,1,-1,-1,-1,-1,0,10,-1,1,1,3,-1,-1,-1,0,0,1,0,0,10,0,0,0,4.41
1,0,0,0,-1,0,1,4,0,0,0,0,-1,0,1,0,0,0,0,2,1,3,0,-1,50,0,9223372036800000000,1e+75,0,10,0,0,7,0,1,1,0,0,1,1,0,0,0,0,0,0,2,0,1,-1,-1,-1,-1,0,10,-1,1,1,3,-1,-1,-1,0,0,1,5,0,10,0,0,0,14
1,0,0,0,-1,0,1,4,0,0,0,0,2,0,1,2,0,0,0,2,1,3,0,-1,800,0,9223372036800000000,1e+75,0,10,0,0,7,0,1,1,0,0,1,1,0,0,0,0,0,0,2,0,1,-1,-1,-1,-1,0,10,-1,1,1,3,-1,-1,-1,0,0,1,0,0,10,0,0,0,4.51
1,0,0,0,-1,0,1,0,0,0,0,0,3,0,3,2,-1,2,1,0,2,3,0,-1,10,0,9223372036800000000,1e+75,0,10,0,0,7,0,0,1,0,0,1,1,0,0,0,0,0,0,2,0,1,-1,-1,-1,-1,0,10,-1,1,1,3,-1,-1,-1,0,0,1,0,0,10,0,0,0,18.82
1,0,0,0,-1,0,1,4,0,0,0,0,2,0,1,0,0,-1,0,2,1,3,0,-1,50,0,9223372036800000000,1e+75,0,10,0,0,7,0,1,1,0,0,1,1,0,0,0,0,0,0,2,0,1,-1,-1,-1,-1,0,10,-1,1,1,3,-1,-1,-1,0,0,1,0,0,10,0,0,0,5.94
1,0,0,0,-1,0,1,4,0,0,0,0,-1,0,1,0,0,0,0,2,1,5,0,-1,50,0,9223372036800000000,1e+75,0,10,0,0,7,0,1,1,0,0,1,1,0,0,0,0,0,0,2,0,1,-1,-1,-1,-1,0,10,-1,1,1,3,-1,-1,-1,0,0,1,0,0,10,0,0,0,14.03
1,0,0,0,-1,0,1,5,0,0,0,0,2,0,0,2,1,0,0,-1,1,3,0,2,800,0,9223372036800000000,10,0,10,0,0,7,0,3,1,0,0,0,1,1,3,0,0,0,-1,2,0,1,-1,-1,-1,-1,0,10,-1,1,1,3,-1,-1,-1,0,0,1,0,0,10,0,0,0,11.58
1,0,0,0,-1,0,1,4,0,0,0,0,2,0,1,0,0,0,0,2,1,3,0,-1,800,0,9223372036800000000,50,0,10,0,0,7,0,1,1,0,0,1,1,0,0,0,0,0,0,2,0,1,-1,-1,-1,-1,0,10,-1,1,1,3,-1,-1,-1,0,0,1,0,0,10,0,0,0,18.24
1,0,0,0,-1,0,1,1,0,0,0,0,1,0,1,2,2,-1,0,2,0,3,0,-1,150,0,9223372036800000000,240,0,10,0,0,7,0,0,1,0,0,2,1,0,2,0,0,0,0,2,0,1,-1,-1,-1,-1,0,10,-1,1,1,3,-1,-1,-1,0,0,1,0,0,10,0,0,0,6.52
1,0,0,0,-1,0,1,4,0,0,0,0,-1,0,1,0,0,0,0,2,1,3,0,-1,50,0,9223372036800000000,1e+75,0,10,0,0,7,0,0,1,0,0,3,1,0,0,0,0,0,0,2,0,1,-1,-1,-1,-1,0,10,-1,1,1,3,-1,-1,-1,0,0,1,0,0,10,0,0,0,7.48
1,0,0,0,-1,0,1,1,0,0,0,0,1,0,1,2,2,-1,0,2,0,3,0,-1,150,0,9223372036800000000,240,0,10,0,0,7,0,0,1,0,0,2,1,0,-1,0,0,0,0,2,0,1,-1,-1,-1,-1,0,10,-1,1,1,3,-1,-1,-1,0,0,1,0,0,10,0,0,0,6.52
1,0,0,0,-1,0,1,1,0,0,0,0,1,0,1,2,2,-1,0,2,0,3,0,-1,150,0,9223372036800000000,1e+75,0,10,0,0,7,0,0,1,0,0,2,1,0,2,0,0,0,0,2,0,1,-1,-1,-1,-1,0,10,-1,1,1,3,-1,-1,-1,0,0,1,0,0,10,0,0,0,6.52
1,0,0,0,-1,0,1,1,0,0,0,0,-1,0,2,1,2,2,1,2,2,3,0,-1,200,0,9223372036800000000,1e+75,0,10,0,0,7,0,0,1,0,0,1,1,0,0,0,0,0,0,2,0,1,-1,-1,-1,-1,0,10,-1,1,1,3,-1,-1,-1,0,0,1,0,0,10,0,0,0,12.79
1,0,0,0,-1,0,1,1,0,0,0,0,1,0,1,2,2,-1,0,2,0,3,0,-1,150,0,9223372036800000000,2,0,10,0,0,7,0,0,1,0,0,2,1,0,2,0,0,0,0,2,0,1,-1,-1,-1,-1,0,10,-1,1,1,3,-1,-1,-1,0,0,1,0,0,10,0,0,0,6.52
1,0,0,0,-1,0,1,4,0,0,0,0,-1,0,1,0,0,0,0,2,1,3,0,-1,50,0,9223372036800000000,1e+75,0,10,0,0,7,0,1,1,20,0,1,1,0,0,0,0,0,0,2,0,1,-1,-1,-1,-1,0,10,-1,1,1,3,-1,-1,-1,0,0,1,0,0,10,0,0,0,15.18
1,0,0,0,-1,0,1,4,0,0,0,0,-1,0,1,0,0,2,-1,2,1,3,0,-1,50,0,9223372036800000000,1e+75,0,10,0,0,7,0,0,1,0,0,1,1,0,0,0,0,0,0,2,0,1,-1,-1,-1,-1,0,10,-1,1,1,3,-1,-1,-1,0,0,1,0,0,10,0,0,0,10.97
1,0,0,0,-1,0,1,0,0,0,0,0,0,0,-1,0,0,0,0,0,1,3,0,-1,200,0,9223372036800000000,1e+75,0,10,0,0,7,0,0,1,0,0,1,1,0,0,0,0,0,0,2,0,1,-1,-1,-1,-1,0,10,-1,1,1,3,-1,-1,-1,0,0,1,0,0,10,0,0,0,17.31
1,0,0,0,-1,0,1,1,0,0,0,0,1,0,1,2,2,-1,0,2,0,3,0,-1,150,0,9223372036800000000,240,0,10,0,0,7,0,3,1,0,0,2,1,0,2,0,0,0,0,2,0,1,-1,-1,-1,-1,0,10,-1,1,1,3,-1,-1,-1,0,0,1,0,0,10,0,0,0,7.15
1,0,0,0,-1,0,1,1,0,0,0,0,1,0,1,2,2,-1,0,2,0,3,0,-1,150,0,9223372036800000000,0,0,10,0,0,7,0,0,1,0,0,2,1,0,2,0,0,0,0,2,0,1,-1,-1,-1,-1,0,10,-1,1,1,3,-1,-1,-1,0,0,1,0,0,10,0,0,0,6.52
1,0,0,0,-1,0,1,4,0,0,0,0,0,0,0,0,0,0,0,0,1,3,0,-1,200,0,9223372036800000000,1e+75,0,10,0,0,7,0,0,1,0,0,1,1,0,0,0,0,0,0,2,0,1,-1,-1,-1,-1,0,10,-1,1,1,3,-1,-1,-1,0,0,1,0,0,10,0,0,0,15.4
1,0,0,0,-1,0,1,1,0,0,0,0,1,0,1,2,2,-1,0,2,0,3,0,-1,150,0,9223372036800000000,60,0,10,0,0,7,0,0,1,0,0,2,1,0,2,0,0,0,0,2,0,1,-1,-1,-1,-1,0,10,-1,1,1,3,-1,-1,-1,0,0,1,0,0,10,0,0,0,6.52
