1,0,0,0,-1,0,1,1,0,0,0,0,2,0,0,-1,2,0,-1,2,2,3,0,-1,150,0,9223372036800000000,1e+75,0,10,0,0,7,0,0,1,0,0,1,1,0,0,0,0,0,0,2,0,1,-1,-1,-1,-1,0,10,-1,1,1,3,-1,-1,-1,0,0,1,4,0,10,0,0,0,14.33
1,0,0,0,-1,0,1,1,0,0,0,0,2,0,0,-1,2,0,-1,2,2,3,0,-1,150,0,9223372036800000000,1e+75,0,10,0,0,7,0,0,1,0,0,1,1,0,0,0,0,0,0,2,0,1,-1,-1,-1,-1,0,10,-1,1,1,3,-1,-1,-1,0,0,1,1,0,10,0,0,0,20.29
1,0,0,0,-1,0,1,1,0,0,0,0,2,0,0,-1,2,0,-1,2,2,3,0,-1,150,0,9223372036800000000,1e+75,0,10,0,0,7,0,0,1,0,0,1,1,0,0,0,0,4,0,2,0,1,-1,-1,-1,-1,0,10,-1,1,1,3,-1,-1,-1,0,0,1,0,0,10,0,0,0,1.79769e+308
1,0,0,0,-1,0,1,1,0,0,0,0,2,0,0,-1,2,0,-1,2,2,3,0,-1,150,0,9223372036800000000,1e+75,0,10,0,0,7,0,0,1,0,0,1,1,0,0,0,0,3,0,2,0,1,-1,-1,-1,-1,0,10,-1,1,1,3,-1,-1,-1,0,0,1,0,0,10,0,0,0,36.69
1,0,0,0,-1,0,1,1,0,0,0,0,2,0,0,-1,2,0,-1,2,2,3,0,-1,150,0,9223372036800000000,1e+75,0,10,0,0,7,0,0,1,0,0,1,1,0,0,0,0,2,0,2,0,1,-1,-1,-1,-1,0,10,-1,1,1,3,-1,-1,-1,0,0,1,0,0,10,0,0,0,9.32
1,0,0,0,-1,0,1,1,0,0,0,0,2,0,0,-1,2,0,-1,2,2,3,0,-1,150,0,9223372036800000000,1e+75,0,10,0,0,7,0,0,1,0,0,1,1,0,0,0,4,0,0,2,0,1,-1,-1,-1,-1,0,10,-1,1,1,3,-1,-1,-1,0,0,1,0,0,10,0,0,0,20.5
1,0,0,0,-1,0,1,1,0,0,0,0,2,0,0,-1,2,0,-1,2,2,3,0,-1,150,0,9223372036800000000,1e+75,0,10,0,0,7,0,0,1,0,0,0,1,0,0,0,0,0,0,2,0,1,-1,-1,-1,-1,0,10,-1,1,1,3,-1,-1,-1,0,0,1,0,0,10,0,0,0,36.8
1,0,0,0,-1,0,1,0,0,0,0,0,0,0,0,1,-1,0,0,0,0,3,0,-1,200,0,9223372036800000000,1e+75,0,10,0,0,7,0,0,1,0,0,1,1,0,0,0,0,0,0,2,0,1,-1,-1,-1,-1,0,10,-1,1,1,3,-1,-1,-1,0,0,1,0,0,10,0,0,0,15.26
1,0,0,0,-1,0,1,1,0,0,0,0,2,0,0,-1,2,0,-1,2,2,3,0,-1,150,0,9223372036800000000,1e+75,0,10,0,0,0,0,0,1,0,0,1,1,0,0,0,0,0,0,2,0,1,-1,-1,-1,-1,0,10,-1,1,1,3,-1,-1,-1,0,0,1,0,0,10,0,0,0,19.92
1,0,0,0,-1,0,1,1,0,0,0,0,2,0,0,-1,2,0,-1,2,2,3,0,-1,150,0,9223372036800000000,1e+75,0,10,0,0,7,0,0,1,0,0,1,1,0,0,0,0,0,3,2,0,1,-1,-1,-1,-1,0,10,-1,1,1,3,-1,-1,-1,0,0,1,0,0,10,0,0,0,17.35
1,0,0,0,-1,0,1,1,0,0,0,0,2,0,0,-1,2,0,-1,2,2,3,0,-1,150,0,9223372036800000000,40,0,10,0,0,7,0,0,1,0,0,1,1,0,0,0,0,0,0,2,0,1,-1,-1,-1,-1,0,10,-1,1,1,3,-1,-1,-1,0,0,1,0,0,10,0,0,0,17.69
1,0,0,0,-1,0,1,1,0,0,0,0,2,0,0,-1,2,0,-1,2,2,3,0,-1,150,0,9223372036800000000,1e+75,0,10,0,0,7,0,0,1,0,0,1,1,0,0,0,1,0,0,2,0,1,-1,-1,-1,-1,0,10,-1,1,1,3,-1,-1,-1,0,0,1,0,0,10,0,0,0,13.92
1,0,0,0,-1,0,1,1,0,0,0,0,2,0,0,-1,2,0,-1,2,2,3,0,-1,150,0,9223372036800000000,1e+75,0,10,0,0,7,0,0,1,0,0,1,1,0,0,0,0,0,-1,2,0,1,-1,-1,-1,-1,0,10,-1,1,1,3,-1,-1,-1,0,0,1,0,0,10,0,0,0,14.25
1,0,0,0,-1,0,1,1,0,0,0,0,2,0,0,-1,2,0,-1,2,2,3,0,-1,150,0,9223372036800000000,1e+75,0,10,0,0,7,0,0,1,0,0,1,1,0,0,40,0,0,0,2,0,1,-1,-1,-1,-1,0,10,-1,1,1,3,-1,-1,-1,0,0,1,0,0,10,0,0,0,15.34
1,0,0,0,-1,0,1,1,0,0,0,0,2,0,0,-1,2,0,-1,2,2,3,0,-1,150,0,9223372036800000000,1e+75,0,10,0,0,7,0,3,1,0,0,1,1,0,0,0,0,0,0,2,0,1,-1,-1,-1,-1,0,10,-1,1,1,3,-1,-1,-1,0,0,1,0,0,10,0,0,0,12.7
1,0,0,0,-1,0,1,0,0,0,0,0,0,0,0,-1,0,0,0,0,0,3,0,-1,200,0,9223372036800000000,1e+75,0,10,0,0,7,0,0,1,0,0,1,1,0,0,0,0,0,0,2,0,1,-1,-1,-1,-1,0,10,-1,1,1,3,-1,-1,-1,0,0,1,0,0,10,0,0,0,18.72
1,0,0,0,-1,0,1,1,0,0,0,0,2,1,0,-1,2,0,-1,2,2,3,0,-1,150,0,9223372036800000000,1e+75,0,10,0,0,7,0,0,1,0,0,1,1,0,0,0,0,0,0,2,0,1,-1,-1,-1,-1,0,10,-1,1,1,3,-1,-1,-1,0,0,1,0,0,10,0,0,0,12.09
1,0,0,0,-1,0,1,1,0,0,0,0,2,-1,0,-1,2,0,-1,2,2,3,0,-1,150,0,9223372036800000000,1e+75,0,10,0,0,7,0,0,1,0,0,1,1,0,0,0,0,0,0,2,0,1,-1,-1,-1,-1,0,10,-1,1,1,3,-1,-1,-1,0,0,1,0,0,10,0,0,0,15.58
1,0,0,0,-1,0,1,1,0,0,0,0,2,2,0,-1,2,0,-1,2,2,3,0,-1,150,0,9223372036800000000,1e+75,0,10,0,0,7,0,0,1,0,0,1,1,0,0,0,0,0,0,2,0,1,-1,-1,-1,-1,0,10,-1,1,1,3,-1,-1,-1,0,0,1,0,0,10,0,0,0,9.32
1,0,0,0,-1,0,1,0,0,0,0,0,0,0,0,0,0,0,0,0,0,3,0,-1,200,0,9223372036800000000,1e+75,0,10,0,0,7,0,0,1,0,0,1,1,0,0,0,0,0,0,2,0,1,-1,-1,-1,-1,0,10,-1,1,1,3,-1,-1,-1,0,0,1,0,0,10,0,0,0,18.77
1,0,0,0,-1,0,1,1,0,0,0,0,2,0,0,-1,2,0,-1,2,2,3,0,-1,150,0,9223372036800000000,10,0,10,0,0,7,0,0,1,0,0,1,1,0,0,0,0,0,0,2,0,1,-1,-1,-1,-1,0,10,-1,1,1,3,-1,-1,-1,0,0,1,0,0,10,0,0,0,17.69
1,0,0,0,-1,0,1,1,0,0,0,0,2,0,0,-1,2,0,-1,2,2,3,0,-1,150,0,9223372036800000000,1e+75,0,10,0,0,7,0,0,1,0,0,1,1,0,0,0,0,0,0,2,0,1,-1,-1,-1,-1,0,10,-1,1,1,3,-1,-1,-1,0,0,1,3,0,10,0,0,0,16.06
1,0,0,0,-1,0,1,1,0,0,0,0,2,0,2,-1,2,0,-1,2,2,3,0,-1,150,0,9223372036800000000,1e+75,0,10,0,0,7,0,0,1,0,0,1,1,0,0,0,0,0,0,2,0,1,-1,-1,-1,-1,0,10,-1,1,1,3,-1,-1,-1,0,0,1,0,0,10,0,0,0,9.32
1,0,0,0,-1,0,1,1,0,0,0,0,2,0,3,-1,2,0,-1,2,2,3,0,-1,150,0,9223372036800000000,1e+75,0,10,0,0,7,0,0,1,0,0,1,1,0,0,0,0,0,0,2,0,1,-1,-1,-1,-1,0,10,-1,1,1,3,-1,-1,-1,0,0,1,0,0,10,0,0,0,28.7
1,0,0,0,-1,0,1,1,0,0,0,0,2,0,1,-1,2,0,-1,2,2,3,0,-1,150,0,9223372036800000000,1e+75,0,10,0,0,7,0,0,1,0,0,1,1,0,0,0,0,0,0,2,0,1,-1,-1,-1,-1,0,10,-1,1,1,3,-1,-1,-1,0,0,1,0,0,10,0,0,0,9.32
1,0,0,0,-1,0,1,1,0,0,0,0,2,0,0,-1,2,0,-1,2,2,3,0,-1,150,0,9223372036800000000,1e+75,0,10,0,0,7,0,0,1,0,0,1,1,0,0,1000,0,0,0,2,0,1,-1,-1,-1,-1,0,10,-1,1,1,3,-1,-1,-1,0,0,1,0,0,10,0,0,0,9.32
1,0,0,0,-1,0,1,1,0,0,0,0,2,0,0,-1,2,0,-1,2,2,3,0,-1,150,0,9223372036800000000,1e+75,0,10,0,0,7,0,0,1,0,0,3,1,0,0,0,0,0,0,2,0,1,-1,-1,-1,-1,0,10,-1,1,1,3,-1,-1,-1,0,0,1,0,0,10,0,0,0,10.99
1,0,0,0,-1,0,1,1,0,0,0,0,2,0,0,-1,2,0,-1,2,2,3,0,-1,150,0,9223372036800000000,1e+75,0,10,0,0,7,0,0,1,0,0,2,1,0,0,0,0,0,0,2,0,1,-1,-1,-1,-1,0,10,-1,1,1,3,-1,-1,-1,0,0,1,0,0,10,0,0,0,9.32
1,0,0,0,-1,0,1,1,0,0,0,0,2,0,0,-1,0,0,-1,2,2,3,0,-1,150,0,9223372036800000000,1e+75,0,10,0,0,7,0,0,1,0,0,1,1,0,0,0,0,0,0,2,0,1,-1,-1,-1,-1,0,10,-1,1,1,3,-1,-1,-1,0,0,1,0,0,10,0,0,0,9.32
1,0,0,0,-1,0,1,0,0,0,0,0,0,0,0,2,0,0,0,0,0,3,0,-1,200,0,9223372036800000000,1e+75,0,10,0,0,7,0,0,1,0,0,1,1,0,0,0,0,0,0,2,0,1,-1,-1,-1,-1,0,10,-1,1,1,3,-1,-1,-1,0,0,1,0,0,10,0,0,0,14.49
1,0,0,0,-1,0,1,1,0,0,0,0,-1,0,0,-1,2,0,-1,2,2,3,0,-1,150,0,9223372036800000000,1e+75,0,10,0,0,7,0,0,1,0,0,1,1,0,0,0,0,0,0,2,0,1,-1,-1,-1,-1,0,10,-1,1,1,3,-1,-1,-1,0,0,1,0,0,10,0,0,0,17.07
1,0,0,0,-1,0,1,1,0,0,0,0,2,0,0,-1,2,0,-1,2,2,3,0,-1,150,0,9223372036800000000,1e+75,0,10,0,0,7,0,0,1,0,0,1,1,0,0,0,3,0,0,2,0,1,-1,-1,-1,-1,0,10,-1,1,1,3,-1,-1,-1,0,0,1,0,0,10,0,0,0,17.52
1,0,0,0,-1,0,1,1,0,0,0,0,2,0,0,-1,2,0,-1,2,2,3,0,-1,150,0,9223372036800000000,1e+75,0,10,0,0,7,0,2,1,0,0,1,1,0,0,0,0,0,0,2,0,1,-1,-1,-1,-1,0,10,-1,1,1,3,-1,-1,-1,0,0,1,0,0,10,0,0,0,19.2
1,0,0,0,-1,0,1,1,0,0,0,0,2,0,0,-1,2,0,-1,2,-1,3,0,-1,150,0,9223372036800000000,1e+75,0,10,0,0,7,0,0,1,0,0,1,1,0,0,0,0,0,0,2,0,1,-1,-1,-1,-1,0,10,-1,1,1,3,-1,-1,-1,0,0,1,0,0,10,0,0,0,9.32
1,0,0,0,-1,0,1,1,0,0,0,0,2,0,0,-1,2,0,-1,2,2,3,0,-1,150,0,9223372036800000000,1e+75,0,10,0,0,7,0,0,1,0,0,1,1,0,0,0,5,0,0,2,0,1,-1,-1,-1,-1,0,10,-1,1,1,3,-1,-1,-1,0,0,1,0,0,10,0,0,0,21.2
1,0,0,0,-1,0,1,0,0,0,0,0,0,0,0,1,0,0,0,0,0,3,0,-1,25,0,9223372036800000000,1e+75,0,10,0,0,7,0,0,1,0,0,1,1,0,0,0,0,0,0,2,0,1,-1,-1,-1,-1,0,10,-1,1,1,3,-1,-1,-1,0,0,1,0,0,10,0,0,0,17.93
1,0,0,0,-1,0,1,1,0,0,0,0,2,0,0,-1,2,0,-1,2,2,3,0,-1,150,0,9223372036800000000,1e+75,0,10,0,0,7,0,0,1,0,0,1,1,0,0,-1,0,0,0,2,0,1,-1,-1,-1,-1,0,10,-1,1,1,3,-1,-1,-1,0,0,1,0,0,10,0,0,0,18.74
1,0,0,0,-1,0,1,0,0,0,0,0,0,0,0,1,0,0,0,0,-1,3,0,-1,200,0,9223372036800000000,1e+75,0,10,0,0,7,0,0,1,0,0,1,1,0,0,0,0,0,0,2,0,1,-1,-1,-1,-1,0,10,-1,1,1,3,-1,-1,-1,0,0,1,0,0,10,0,0,0,14.49
1,0,0,0,-1,0,1,1,0,0,0,0,2,0,0,-1,-1,0,-1,2,2,3,0,-1,150,0,9223372036800000000,1e+75,0,10,0,0,7,0,0,1,0,0,1,1,0,0,0,0,0,0,2,0,1,-1,-1,-1,-1,0,10,-1,1,1,3,-1,-1,-1,0,0,1,0,0,10,0,0,0,16.66
1,0,0,0,-1,0,1,0,0,0,0,0,0,0,0,1,2,0,0,0,0,3,0,-1,200,0,9223372036800000000,1e+75,0,10,0,0,7,0,0,1,0,0,1,1,0,0,0,0,0,0,2,0,1,-1,-1,-1,-1,0,10,-1,1,1,3,-1,-1,-1,0,0,1,0,0,10,0,0,0,14.49
1,0,0,0,-1,0,1,1,0,0,0,0,2,0,0,-1,2,0,-1,2,0,3,0,-1,150,0,9223372036800000000,1e+75,0,10,0,0,7,0,0,1,0,0,1,1,0,0,0,0,0,0,2,0,1,-1,-1,-1,-1,0,10,-1,1,1,3,-1,-1,-1,0,0,1,0,0,10,0,0,0,9.32
1,0,0,0,-1,0,1,0,0,0,0,0,0,0,0,1,1,0,0,0,0,3,0,-1,200,0,9223372036800000000,1e+75,0,10,0,0,7,0,0,1,0,0,1,1,0,0,0,0,0,0,2,0,1,-1,-1,-1,-1,0,10,-1,1,1,3,-1,-1,-1,0,0,1,0,0,10,0,0,0,14.49
1,0,0,0,-1,0,1,0,0,0,0,0,0,0,0,0,0,0,0,0,0,3,0,-1,800,0,9223372036800000000,1e+75,0,10,0,0,7,0,0,1,0,0,1,1,0,0,0,0,0,0,2,0,1,-1,-1,-1,-1,0,10,-1,1,1,3,-1,-1,-1,0,0,1,0,0,10,0,0,0,18.87
1,0,0,0,-1,0,1,1,0,0,0,0,2,0,0,-1,2,0,-1,2,2,3,0,-1,800,0,9223372036800000000,1e+75,0,10,0,0,7,0,0,1,0,0,1,1,0,0,0,0,0,0,2,0,1,-1,-1,-1,-1,0,10,-1,1,1,3,-1,-1,-1,0,0,1,0,0,10,0,0,0,18.92
1,0,0,0,-1,0,1,1,0,0,0,0,2,0,0,-1,2,0,-1,2,2,3,0,-1,150,0,9223372036800000000,1e+75,0,10,0,0,7,0,0,1,0,0,1,1,0,2,0,0,0,0,2,0,1,-1,-1,-1,-1,0,10,-1,1,1,3,-1,-1,-1,0,0,1,0,0,10,0,0,0,11.17
1,0,0,0,-1,0,1,1,0,0,0,0,2,0,0,-1,2,0,-1,2,2,3,0,-1,150,0,9223372036800000000,1e+75,0,10,0,0,30,0,0,1,0,0,1,1,0,0,0,0,0,0,2,0,1,-1,-1,-1,-1,0,10,-1,1,1,3,-1,-1,-1,0,0,1,0,0,10,0,0,0,14.56
1,0,0,0,-1,0,1,1,0,0,0,0,2,0,0,-1,2,0,-1,2,2,3,0,-1,150,0,9223372036800000000,1e+75,0,10,0,0,7,0,0,1,0,0,1,1,0,0,0,0,0,4,2,0,1,-1,-1,-1,-1,0,10,-1,1,1,3,-1,-1,-1,0,0,1,0,0,10,0,0,0,9.32
1,0,0,0,-1,0,1,0,0,0,0,0,0,0,0,1,0,0,1,0,0,3,0,-1,200,0,9223372036800000000,1e+75,0,10,0,0,7,0,0,1,0,0,1,1,0,0,0,0,0,0,2,0,1,-1,-1,-1,-1,0,10,-1,1,1,3,-1,-1,-1,0,0,1,0,0,10,0,0,0,16.35
1,0,0,0,-1,0,1,1,0,0,0,0,2,0,0,-1,2,0,-1,2,2,3,0,-1,150,0,9223372036800000000,1e+75,0,10,0,0,7,0,0,1,0,0,1,1,0,0,0,0,1,0,2,0,1,-1,-1,-1,-1,0,10,-1,1,1,3,-1,-1,-1,0,0,1,0,0,10,0,0,0,19.07
1,0,0,0,-1,0,1,1,0,0,0,0,2,0,0,-1,2,1,-1,2,2,3,0,-1,150,0,9223372036800000000,1e+75,0,10,0,0,7,0,0,1,0,0,1,1,0,0,0,0,0,0,2,0,1,-1,-1,-1,-1,0,10,-1,1,1,3,-1,-1,-1,0,0,1,0,0,10,0,0,0,22.57
1,0,0,0,-1,0,1,1,0,0,0,0,2,0,0,-1,2,0,-1,2,2,3,0,-1,150,0,9223372036800000000,1e+75,0,10,0,0,7,0,0,1,0,0,1,1,0,0,20,0,0,0,2,0,1,-1,-1,-1,-1,0,10,-1,1,1,3,-1,-1,-1,0,0,1,0,0,10,0,0,0,26.7
1,0,0,0,-1,0,1,0,0,0,0,0,0,0,3,1,0,0,0,0,0,3,0,-1,200,0,9223372036800000000,1e+75,0,10,0,0,7,0,0,1,0,0,1,1,0,0,0,0,0,0,2,0,1,-1,-1,-1,-1,0,10,-1,1,1,3,-1,-1,-1,0,0,1,0,0,10,0,0,0,24.16
1,0,0,0,-1,0,1,1,0,0,0,0,2,0,0,-1,2,0,-1,2,2,3,0,-1,150,0,9223372036800000000,1e+75,0,10,0,0,7,0,0,1,0,0,1,1,0,0,0,0,0,1,2,0,1,-1,-1,-1,-1,0,10,-1,1,1,3,-1,-1,-1,0,0,1,0,0,10,0,0,0,24.53
1,0,0,0,-1,0,1,1,0,0,0,0,2,0,0,-1,2,0,-1,2,2,3,0,-1,150,0,9223372036800000000,1e+75,0,10,0,0,7,0,0,1,0,0,1,1,0,0,0,0,0,0,2,0,1,-1,-1,-1,-1,0,10,-1,1,1,3,-1,-1,-1,0,0,1,0,0,10,0,0,0,9.32
1,0,0,0,-1,0,1,1,0,0,0,0,2,0,0,-1,2,0,-1,2,2,3,0,-1,150,0,9223372036800000000,1e+75,0,10,0,0,7,0,0,1,0,1,1,1,0,0,0,0,0,0,2,0,1,-1,-1,-1,-1,0,10,-1,1,1,3,-1,-1,-1,0,0,1,0,0,10,0,0,0,25.04
1,0,0,0,-1,0,1,0,0,0,0,0,0,0,0,1,0,0,0,0,0,3,0,-1,100,0,9223372036800000000,1e+75,0,10,0,0,7,0,0,1,0,0,1,1,0,0,0,0,0,0,2,0,1,-1,-1,-1,-1,0,10,-1,1,1,3,-1,-1,-1,0,0,1,0,0,10,0,0,0,17.44
1,0,0,0,-1,0,1,1,0,0,0,0,2,0,0,-1,2,0,-1,2,2,3,0,-1,150,0,9223372036800000000,1e+75,0,10,0,0,7,0,0,1,0,0,1,1,0,0,60,0,0,0,2,0,1,-1,-1,-1,-1,0,10,-1,1,1,3,-1,-1,-1,0,0,1,0,0,10,0,0,0,12.63
1,0,0,0,-1,0,1,1,0,0,0,0,2,0,0,-1,2,0,-1,2,2,3,0,-1,200,0,9223372036800000000,1e+75,0,10,0,0,7,0,0,1,0,0,1,1,0,0,0,0,0,0,2,0,1,-1,-1,-1,-1,0,10,-1,1,1,3,-1,-1,-1,0,0,1,0,0,10,0,0,0,18.92
1,0,0,0,-1,0,1,0,0,0,0,0,0,0,0,1,0,2,0,0,0,3,0,-1,200,0,9223372036800000000,1e+75,0,10,0,0,7,0,0,1,0,0,1,1,0,0,0,0,0,0,2,0,1,-1,-1,-1,-1,0,10,-1,1,1,3,-1,-1,-1,0,0,1,0,0,10,0,0,0,18.23
1,0,0,0,-1,0,1,1,0,0,0,0,2,3,0,-1,2,0,-1,2,2,3,0,-1,150,0,9223372036800000000,1e+75,0,10,0,0,7,0,0,1,0,0,1,1,0,0,0,0,0,0,2,0,1,-1,-1,-1,-1,0,10,-1,1,1,3,-1,-1,-1,0,0,1,0,0,10,0,0,0,9.32
1,0,0,0,-1,0,1,1,0,0,0,0,2,0,0,-1,2,2,-1,1,2,3,0,-1,150,0,9223372036800000000,1e+75,0,10,0,0,7,0,0,1,0,0,1,1,0,0,0,0,0,0,2,0,1,-1,-1,-1,-1,0,10,-1,1,1,3,-1,-1,-1,0,0,1,0,0,10,0,0,0,14.74
1,0,0,0,-1,0,1,0,0,0,0,0,0,0,0,0,0,-1,0,0,0,3,0,-1,200,0,9223372036800000000,1e+75,0,10,0,0,7,0,0,1,0,0,1,1,0,0,0,0,0,0,2,0,1,-1,-1,-1,-1,0,10,-1,1,1,3,-1,-1,-1,0,0,1,0,0,10,0,0,0,24.7
1,0,0,0,-1,0,1,1,0,0,0,0,2,0,0,-1,2,0,-1,2,2,3,0,-1,150,0,9223372036800000000,50,0,10,0,0,7,0,0,1,0,0,1,1,0,0,0,0,0,0,2,0,1,-1,-1,-1,-1,0,10,-1,1,1,3,-1,-1,-1,0,0,1,0,0,10,0,0,0,17.69
1,0,0,0,-1,0,1,1,0,0,0,0,2,0,0,-1,2,0,-1,2,2,3,0,-1,150,0,9223372036800000000,1e+75,0,10,0,0,7,0,0,1,0,0,1,1,0,0,0,0,0,2,2,0,1,-1,-1,-1,-1,0,10,-1,1,1,3,-1,-1,-1,0,0,1,0,0,10,0,0,0,33.61
1,0,0,0,-1,0,1,1,0,0,0,0,0,0,0,-1,2,0,-1,2,2,3,0,-1,150,0,9223372036800000000,1e+75,0,10,0,0,7,0,0,1,0,0,1,1,0,0,0,0,0,0,2,0,1,-1,-1,-1,-1,0,10,-1,1,1,3,-1,-1,-1,0,0,1,0,0,10,0,0,0,17.62
1,0,0,0,-1,0,1,1,0,0,0,0,2,0,0,-1,2,0,-1,2,2,3,0,2,150,0,9223372036800000000,1e+75,0,10,0,0,7,0,0,1,0,0,1,1,0,0,0,0,0,0,2,0,1,-1,-1,-1,-1,0,10,-1,1,1,3,-1,-1,-1,0,0,1,0,0,10,0,0,0,9.32
1,0,0,0,-1,0,1,0,0,0,0,0,0,0,1,1,0,0,0,0,0,3,0,-1,200,0,9223372036800000000,1e+75,0,10,0,0,7,0,0,1,0,0,1,1,0,0,0,0,0,0,2,0,1,-1,-1,-1,-1,0,10,-1,1,1,3,-1,-1,-1,0,0,1,0,0,10,0,0,0,14.49
1,0,0,0,-1,0,1,1,0,0,0,0,2,0,0,-1,2,0,-1,2,2,3,0,-1,150,0,9223372036800000000,0,0,10,0,0,7,0,0,1,0,0,1,1,0,0,0,0,0,0,2,0,1,-1,-1,-1,-1,0,10,-1,1,1,3,-1,-1,-1,0,0,1,0,0,10,0,0,0,22.32
1,0,0,0,-1,0,1,0,0,0,0,0,0,0,-1,1,0,0,0,0,0,3,0,-1,200,0,9223372036800000000,1e+75,0,10,0,0,7,0,0,1,0,0,1,1,0,0,0,0,0,0,2,0,1,-1,-1,-1,-1,0,10,-1,1,1,3,-1,-1,-1,0,0,1,0,0,10,0,0,0,14.49
1,0,0,0,-1,0,1,0,0,0,0,0,0,0,0,0,2,0,0,0,0,3,0,-1,200,0,9223372036800000000,1e+75,0,10,0,0,7,0,0,1,0,0,1,1,0,0,0,0,0,0,2,0,1,-1,-1,-1,-1,0,10,-1,1,1,3,-1,-1,-1,0,0,1,0,0,10,0,0,0,18.77
1,0,0,0,-1,0,1,1,0,0,0,0,2,0,0,-1,2,0,-1,2,2,3,0,-1,150,0,9223372036800000000,1e+75,0,10,0,0,7,0,0,1,0,0,1,1,0,1,0,0,0,0,2,0,1,-1,-1,-1,-1,0,10,-1,1,1,3,-1,-1,-1,0,0,1,0,0,10,0,0,0,18.4
1,0,0,0,-1,0,1,1,0,0,0,0,2,0,0,-1,2,0,-1,2,2,3,0,-1,150,0,9223372036800000000,1e+75,0,10,0,0,7,0,0,1,0,0,1,1,0,3,0,0,0,0,2,0,1,-1,-1,-1,-1,0,10,-1,1,1,3,-1,-1,-1,0,0,1,0,0,10,0,0,0,20.09
1,0,0,0,-1,0,1,1,0,0,0,0,2,0,0,-1,2,0,-1,2,2,3,0,1,150,0,9223372036800000000,1e+75,0,10,0,0,7,0,0,1,0,0,1,1,0,0,0,0,0,0,2,0,1,-1,-1,-1,-1,0,10,-1,1,1,3,-1,-1,-1,0,0,1,0,0,10,0,0,0,18.36
1,0,0,0,-1,0,1,1,0,0,0,0,2,0,0,-1,2,0,-1,2,2,3,0,-1,150,0,9223372036800000000,1e+75,0,10,0,0,7,0,0,1,20,0,1,1,0,0,0,0,0,0,2,0,1,-1,-1,-1,-1,0,10,-1,1,1,3,-1,-1,-1,0,0,1,0,0,10,0,0,0,13.9
1,0,0,0,-1,0,1,1,0,0,0,0,2,0,0,-1,2,0,-1,2,2,3,0,-1,150,0,9223372036800000000,1e+75,0,10,0,0,7,0,0,1,0,0,1,1,0,-1,0,0,0,0,2,0,1,-1,-1,-1,-1,0,10,-1,1,1,3,-1,-1,-1,0,0,1,0,0,10,0,0,0,18.78
1,0,0,0,-1,0,1,1,0,0,0,0,2,0,0,-1,2,0,-1,2,2,3,0,-1,150,0,9223372036800000000,1e+75,0,10,0,0,7,0,0,1,0,0,1,1,0,0,0,0,0,0,2,0,1,-1,-1,-1,-1,0,10,-1,1,1,3,-1,-1,-1,0,0,1,2,0,10,0,0,0,19.18
1,0,0,0,-1,0,1,1,0,0,0,0,2,0,0,-1,2,0,-1,2,2,3,0,-1,150,0,9223372036800000000,1,0,10,0,0,7,0,0,1,0,0,1,1,0,0,0,0,0,0,2,0,1,-1,-1,-1,-1,0,10,-1,1,1,3,-1,-1,-1,0,0,1,0,0,10,0,0,0,17.69
1,0,0,0,-1,0,1,1,0,0,0,0,2,0,0,-1,2,-1,-1,2,2,3,0,-1,150,0,9223372036800000000,1e+75,0,10,0,0,7,0,0,1,0,0,1,1,0,0,0,0,0,0,2,0,1,-1,-1,-1,-1,0,10,-1,1,1,3,-1,-1,-1,0,0,1,0,0,10,0,0,0,21.85
1,0,0,0,-1,0,1,1,0,0,0,0,2,0,0,-1,2,0,-1,2,2,3,0,-1,150,0,9223372036800000000,30,0,10,0,0,7,0,0,1,0,0,1,1,0,0,0,0,0,0,2,0,1,-1,-1,-1,-1,0,10,-1,1,1,3,-1,-1,-1,0,0,1,0,0,10,0,0,0,17.69
1,0,0,0,-1,0,1,0,0,0,0,0,0,0,0,1,0,0,0,2,0,3,0,-1,200,0,9223372036800000000,1e+75,0,10,0,0,7,0,0,1,0,0,1,1,0,0,0,0,0,0,2,0,1,-1,-1,-1,-1,0,10,-1,1,1,3,-1,-1,-1,0,0,1,0,0,10,0,0,0,18.77
1,0,0,0,-1,0,1,1,0,0,0,0,2,0,0,-1,2,0,-1,0,2,3,0,-1,150,0,9223372036800000000,1e+75,0,10,0,0,7,0,0,1,0,0,1,1,0,0,0,0,0,0,2,0,1,-1,-1,-1,-1,0,10,-1,1,1,3,-1,-1,-1,0,0,1,0,0,10,0,0,0,21.5
1,0,0,0,-1,0,1,1,0,0,0,0,2,0,0,-1,2,0,-1,1,2,3,0,-1,150,0,9223372036800000000,1e+75,0,10,0,0,7,0,0,1,0,0,1,1,0,0,0,0,0,0,2,0,1,-1,-1,-1,-1,0,10,-1,1,1,3,-1,-1,-1,0,0,1,0,0,10,0,0,0,21.5
1,0,0,0,-1,0,1,1,0,0,0,0,2,0,0,-1,2,0,-1,2,2,3,0,-1,150,0,9223372036800000000,1e+75,0,10,0,0,7,0,1,1,0,0,1,1,0,0,0,0,0,0,2,0,1,-1,-1,-1,-1,0,10,-1,1,1,3,-1,-1,-1,0,0,1,0,0,10,0,0,0,49.52
1,0,0,0,-1,0,1,1,0,0,0,0,2,0,0,-1,2,0,-1,2,2,3,0,-1,10,0,9223372036800000000,1e+75,0,10,0,0,7,0,0,1,0,0,1,1,0,0,0,0,0,0,2,0,1,-1,-1,-1,-1,0,10,-1,1,1,3,-1,-1,-1,0,0,1,0,0,10,0,0,0,19.32
1,0,0,0,-1,0,1,1,0,0,0,0,2,0,0,-1,2,0,-1,2,2,3,0,-1,150,0,9223372036800000000,2,0,10,0,0,7,0,0,1,0,0,1,1,0,0,0,0,0,0,2,0,1,-1,-1,-1,-1,0,10,-1,1,1,3,-1,-1,-1,0,0,1,0,0,10,0,0,0,17.69
1,0,0,0,-1,0,1,1,0,0,0,0,2,0,0,-1,2,0,-1,2,2,3,0,-1,150,0,9223372036800000000,1e+75,0,10,0,0,4,0,0,1,0,0,1,1,0,0,0,0,0,0,2,0,1,-1,-1,-1,-1,0,10,-1,1,1,3,-1,-1,-1,0,0,1,0,0,10,0,0,0,20.14
1,0,0,0,-1,0,1,1,0,0,0,0,2,0,0,-1,2,0,-1,2,2,3,0,-1,150,0,9223372036800000000,20,0,10,0,0,7,0,0,1,0,0,1,1,0,0,0,0,0,0,2,0,1,-1,-1,-1,-1,0,10,-1,1,1,3,-1,-1,-1,0,0,1,0,0,10,0,0,0,17.69
1,0,0,0,-1,0,1,1,0,0,0,0,2,0,0,-1,2,0,-1,2,2,3,0,-1,150,0,9223372036800000000,60,0,10,0,0,7,0,0,1,0,0,1,1,0,0,0,0,0,0,2,0,1,-1,-1,-1,-1,0,10,-1,1,1,3,-1,-1,-1,0,0,1,0,0,10,0,0,0,17.69
1,0,0,0,-1,0,1,1,0,0,0,0,2,0,0,-1,2,0,2,2,2,3,0,-1,150,0,9223372036800000000,1e+75,0,10,0,0,7,0,0,1,0,0,1,1,0,0,0,0,0,0,2,0,1,-1,-1,-1,-1,0,10,-1,1,1,3,-1,-1,-1,0,0,1,0,0,10,0,0,0,15.45
1,0,0,0,-1,0,1,1,0,0,0,0,2,0,0,-1,2,0,-1,2,2,3,0,-1,150,0,9223372036800000000,240,0,10,0,0,7,0,0,1,0,0,1,1,0,0,0,0,0,0,2,0,1,-1,-1,-1,-1,0,10,-1,1,1,3,-1,-1,-1,0,0,1,0,0,10,0,0,0,17.69
1,0,0,0,-1,0,1,1,0,0,0,0,1,0,-1,-1,2,1,1,2,-1,3,0,-1,150,0,9223372036800000000,1e+75,0,10,0,0,7,0,0,1,0,0,1,1,0,0,0,0,0,0,2,0,1,-1,-1,-1,-1,0,10,-1,1,1,3,-1,-1,-1,0,0,1,0,0,10,0,0,0,17.15
1,0,0,0,-1,0,1,1,0,0,0,0,2,0,0,-1,2,0,-1,2,2,3,0,-1,150,0,9223372036800000000,1e+75,0,10,0,0,7,0,0,1,0,0,1,1,0,0,500,0,0,0,2,0,1,-1,-1,-1,-1,0,10,-1,1,1,3,-1,-1,-1,0,0,1,0,0,10,0,0,0,9.32
1,0,0,0,-1,0,1,1,0,0,0,0,2,0,0,-1,2,0,-1,2,2,3,0,-1,150,0,9223372036800000000,1e+75,0,10,0,0,7,0,0,1,40,0,1,1,0,0,0,0,0,0,2,0,1,-1,-1,-1,-1,0,10,-1,1,1,3,-1,-1,-1,0,0,1,0,0,10,0,0,0,16.73
1,0,0,0,-1,0,1,1,0,0,0,0,2,0,0,-1,2,0,-1,2,2,3,0,-1,150,0,9223372036800000000,1e+75,0,10,0,0,7,0,0,1,0,0,1,1,0,0,0,0,5,0,2,0,1,-1,-1,-1,-1,0,10,-1,1,1,3,-1,-1,-1,0,0,1,0,0,10,0,0,0,1.79769e+308
1,0,0,0,-1,0,1,1,0,0,0,0,2,0,0,-1,2,0,-1,2,2,3,0,-1,150,0,9223372036800000000,120,0,10,0,0,7,0,0,1,0,0,1,1,0,0,0,0,0,0,2,0,1,-1,-1,-1,-1,0,10,-1,1,1,3,-1,-1,-1,0,0,1,0,0,10,0,0,0,17.69
1,0,0,0,-1,0,1,1,0,0,0,0,2,0,0,-1,2,0,-1,2,2,3,0,16,150,0,9223372036800000000,1e+75,0,10,0,0,7,0,0,1,0,0,1,1,0,0,0,0,0,0,2,0,1,-1,-1,-1,-1,0,10,-1,1,1,3,-1,-1,-1,0,0,1,0,0,10,0,0,0,9.32
1,0,0,0,-1,0,1,1,0,0,0,0,2,0,0,-1,2,0,0,2,2,3,0,-1,150,0,9223372036800000000,1e+75,0,10,0,0,7,0,0,1,0,0,1,1,0,0,0,0,0,0,2,0,1,-1,-1,-1,-1,0,10,-1,1,1,3,-1,-1,-1,0,0,1,0,0,10,0,0,0,15.45
1,0,0,0,-1,0,1,1,0,0,0,0,2,0,0,-1,2,0,-1,2,2,3,0,-1,150,0,9223372036800000000,1e+75,0,10,0,0,7,0,0,1,0,0,1,1,0,0,100,0,0,0,2,0,1,-1,-1,-1,-1,0,10,-1,1,1,3,-1,-1,-1,0,0,1,0,0,10,0,0,0,9.32
1,0,0,0,-1,0,1,1,0,0,0,0,2,0,0,-1,2,0,-1,2,2,3,0,-1,150,0,9223372036800000000,1e+75,0,10,0,0,7,0,0,1,0,0,1,1,0,0,0,0,0,0,2,0,1,-1,-1,-1,-1,0,10,-1,0,1,3,-1,-1,-1,0,0,1,0,0,10,0,0,0,27.31
1,0,0,0,-1,0,1,1,0,0,0,0,2,0,0,-1,2,0,-1,2,2,3,0,-1,150,0,9223372036800000000,1e+75,0,10,0,0,7,0,0,1,0,0,1,1,0,0,200,0,0,0,2,0,1,-1,-1,-1,-1,0,10,-1,1,1,3,-1,-1,-1,0,0,1,0,0,10,0,0,0,9.32
1,0,0,0,-1,0,1,1,0,0,0,0,2,0,0,-1,2,0,-1,2,2,3,0,-1,150,0,9223372036800000000,1e+75,0,10,0,0,7,0,0,1,0,0,1,1,0,0,0,0,0,0,2,0,1,-1,-1,-1,-1,-1,10,-1,1,1,3,-1,-1,-1,0,0,1,0,0,10,0,0,0,9.32
1,0,0,0,-1,0,1,1,0,0,0,0,2,0,0,-1,2,0,-1,2,2,3,0,-1,150,0,9223372036800000000,1e+75,0,10,0,0,2,0,0,1,0,0,1,1,0,0,0,0,0,0,2,0,1,-1,-1,-1,-1,0,10,-1,1,1,3,-1,-1,-1,0,0,1,0,0,10,0,0,0,12.01
1,0,0,0,-1,0,1,1,0,0,0,0,2,0,0,-1,2,0,-1,2,2,3,0,-1,150,0,9223372036800000000,5,0,10,0,0,7,0,0,1,0,0,1,1,0,0,0,0,0,0,2,0,1,-1,-1,-1,-1,0,10,-1,1,1,3,-1,-1,-1,0,0,1,0,0,10,0,0,0,17.69
1,0,0,0,-1,0,1,1,0,0,0,0,2,0,0,-1,2,0,-1,2,2,3,0,-1,150,0,9223372036800000000,1e+75,0,10,0,0,3,0,0,1,0,0,1,1,0,0,0,0,0,0,2,0,1,-1,-1,-1,-1,0,10,-1,1,1,3,-1,-1,-1,0,0,1,0,0,10,0,0,0,18.08
1,0,0,0,-1,0,1,1,0,0,0,0,2,0,0,-1,2,0,-1,2,2,3,0,-1,150,0,9223372036800000000,1e+75,0,10,0,0,5,0,0,1,0,0,1,1,0,0,0,0,0,0,2,0,1,-1,-1,-1,-1,0,10,-1,1,1,3,-1,-1,-1,0,0,1,0,0,10,0,0,0,12.3
1,0,0,0,-1,0,1,1,0,0,0,0,1,0,-1,-1,1,1,1,2,-1,3,0,-1,25,0,9223372036800000000,1e+75,0,10,0,0,7,0,0,1,0,0,1,1,0,0,0,0,0,0,2,0,1,-1,-1,-1,-1,0,10,-1,1,1,3,-1,-1,-1,0,0,1,0,0,10,0,0,0,18.22
1,0,0,0,-1,0,1,0,0,0,0,0,0,0,-1,0,0,0,0,0,0,3,0,-1,200,0,9223372036800000000,1e+75,0,10,0,0,7,0,0,1,0,0,1,1,0,0,0,0,0,0,2,0,1,-1,-1,-1,-1,0,10,-1,1,1,3,-1,-1,-1,0,0,1,0,0,10,0,0,0,18.77
1,0,0,0,-1,0,1,1,0,0,0,0,2,0,0,-1,2,0,-1,2,2,3,0,-1,150,0,9223372036800000000,1e+75,0,10,0,0,15,0,0,1,0,0,1,1,0,0,0,0,0,0,2,0,1,-1,-1,-1,-1,0,10,-1,1,1,3,-1,-1,-1,0,0,1,0,0,10,0,0,0,19.96
1,0,0,0,-1,0,1,1,0,0,0,0,2,0,0,-1,2,0,-1,2,2,3,0,-1,150,0,9223372036800000000,1e+75,0,10,0,0,7,0,0,1,0,0,1,1,0,0,0,0,0,0,2,0,1,-1,-1,-1,-1,0,10,-1,1,1,3,-1,-1,3,0,0,1,0,0,10,0,0,0,9.32
1,0,0,0,-1,0,1,1,0,0,0,0,2,0,0,-1,2,0,-1,2,2,3,0,-1,150,0,9223372036800000000,1e+75,0,10,0,0,7,1,0,1,0,0,1,1,0,0,0,0,0,0,2,0,1,-1,-1,-1,-1,0,10,-1,1,1,3,-1,-1,-1,0,0,1,0,0,10,0,0,0,16.03
1,0,0,0,-1,0,1,1,0,0,0,0,2,0,0,-1,2,0,-1,2,2,3,0,-1,150,0,9223372036800000000,1e+75,0,10,0,0,7,0,0,1,0,0,1,1,0,0,0,0,0,0,2,0,1,-1,-1,-1,-1,0,10,-1,1,1,3,-1,-1,4,0,0,1,0,0,10,0,0,0,18.65
1,0,0,0,-1,0,1,0,0,0,0,0,0,0,0,1,0,0,0,0,0,3,0,-1,200,0,9223372036800000000,1e+75,0,10,0,0,7,0,0,1,0,0,1,1,0,0,0,0,0,0,2,0,1,-1,-1,-1,-1,0,10,-1,1,1,3,-1,-1,-1,0,0,1,0,0,10,0,0,0,14.49
1,0,0,0,-1,0,1,1,0,0,0,0,2,0,0,-1,2,0,-1,2,2,3,0,-1,150,0,9223372036800000000,1e+75,0,10,0,0,7,0,0,1,0,0,1,1,2,0,0,0,0,0,2,0,1,-1,-1,-1,-1,0,10,-1,1,1,3,-1,-1,-1,0,0,1,0,0,10,0,0,0,18.98
1,0,0,0,-1,0,1,1,0,0,0,0,2,0,0,-1,2,0,-1,2,2,3,0,-1,150,0,9223372036800000000,1e+75,0,10,0,0,7,-1,0,1,0,0,1,1,0,0,0,0,0,0,2,0,1,-1,-1,-1,-1,0,10,-1,1,1,3,-1,-1,-1,0,0,1,0,0,10,0,0,0,1.79769e+308
1,0,0,0,-1,0,1,1,0,0,0,0,2,0,0,-1,2,0,-1,2,2,3,0,4,150,0,9223372036800000000,1e+75,0,10,0,0,7,0,0,1,0,0,1,1,0,0,0,0,0,0,2,0,1,-1,-1,-1,-1,0,10,-1,1,1,3,-1,-1,-1,0,0,1,0,0,10,0,0,0,9.32
1,0,0,0,-1,0,1,1,0,0,0,0,2,0,0,-1,2,0,-1,2,2,3,0,8,150,0,9223372036800000000,1e+75,0,10,0,0,7,0,0,1,0,0,1,1,0,0,0,0,0,0,2,0,1,-1,-1,-1,-1,0,10,-1,1,1,3,-1,-1,-1,0,0,1,0,0,10,0,0,0,9.32
1,0,0,0,-1,0,1,1,0,0,0,0,2,0,0,-1,2,0,-1,2,2,3,0,-1,50,0,9223372036800000000,1e+75,0,10,0,0,7,0,0,1,0,0,1,1,0,0,0,0,0,0,2,0,1,-1,-1,-1,-1,0,10,-1,1,1,3,-1,-1,-1,0,0,1,0,0,10,0,0,0,14.94
1,0,0,0,-1,0,1,1,0,0,0,0,2,0,0,-1,2,0,-1,-1,2,3,0,-1,150,0,9223372036800000000,1e+75,0,10,0,0,7,0,0,1,0,0,1,1,0,0,0,0,0,0,2,0,1,-1,-1,-1,-1,0,10,-1,1,1,3,-1,-1,-1,0,0,1,0,0,10,0,0,0,15.04
1,0,0,0,-1,0,1,1,0,0,0,0,1,0,-1,-1,1,1,1,2,-1,3,0,-1,10,0,9223372036800000000,1e+75,0,10,0,0,7,0,0,1,0,0,1,1,0,0,0,0,0,0,2,0,1,-1,-1,-1,-1,0,10,-1,1,1,3,-1,-1,-1,0,0,1,0,0,10,0,0,0,21.14
1,0,0,0,-1,0,1,1,0,0,0,0,1,0,-1,-1,1,1,1,2,-1,3,0,-1,150,0,9223372036800000000,1e+75,0,10,0,0,7,0,0,1,0,0,1,1,0,0,0,0,0,0,2,0,1,-1,-1,-1,-1,0,10,-1,1,1,3,-1,-1,-1,0,0,1,0,0,10,0,0,0,15.82
1,0,0,0,-1,0,1,1,0,0,0,0,1,0,0,-1,1,1,1,2,-1,3,0,-1,150,0,9223372036800000000,1e+75,0,10,0,0,7,0,0,1,0,0,1,1,0,0,0,0,0,0,2,0,1,-1,-1,-1,-1,0,10,-1,1,1,3,-1,-1,-1,0,0,1,0,0,10,0,0,0,15.82
1,0,0,0,-1,0,1,1,0,0,0,0,2,0,0,-1,2,0,-1,2,2,3,0,-1,150,0,9223372036800000000,1e+75,0,10,0,0,7,0,0,1,0,0,1,1,0,0,0,0,0,0,2,0,1,-1,-1,-1,-1,0,10,-1,1,1,3,-1,-1,-1,0,0,1,5,0,10,0,0,0,20.76
1,0,0,0,-1,0,1,1,0,0,0,0,2,0,0,-1,2,0,-1,2,2,3,0,-1,150,0,9223372036800000000,1e+75,0,10,0,0,7,0,0,1,1000,0,1,1,0,0,0,0,0,0,2,0,1,-1,-1,-1,-1,0,10,-1,1,1,3,-1,-1,-1,0,0,1,0,0,10,0,0,0,16.67
1,0,0,0,-1,0,1,1,0,0,0,0,1,0,-1,0,1,1,1,2,-1,3,0,-1,150,0,9223372036800000000,1e+75,0,10,0,0,7,0,0,1,0,0,1,1,0,0,0,0,0,0,2,0,1,-1,-1,-1,-1,0,10,-1,1,1,3,-1,-1,-1,0,0,1,0,0,10,0,0,0,17.75
1,0,0,0,-1,0,1,1,0,0,0,0,2,0,0,-1,2,0,-1,2,2,3,0,-1,150,0,9223372036800000000,1e+75,0,10,0,0,7,0,0,1,0,0,1,1,0,0,0,6,0,0,2,0,1,-1,-1,-1,-1,0,10,-1,1,1,3,-1,-1,-1,0,0,1,0,0,10,0,0,0,9.32
1,0,0,0,-1,0,1,1,0,0,0,0,2,0,0,-1,2,0,-1,2,2,3,0,-1,150,0,9223372036800000000,1e+75,0,10,0,0,7,0,0,1,0,0,1,1,-1,0,0,0,0,0,2,0,1,-1,-1,-1,-1,0,10,-1,1,1,3,-1,-1,-1,0,0,1,0,0,10,0,0,0,22.69
1,0,0,0,-1,0,1,1,0,0,0,0,2,0,0,-1,2,0,-1,2,2,3,0,-1,150,0,9223372036800000000,1e+75,0,10,0,0,7,0,0,1,0,0,1,1,1,0,0,0,0,0,2,0,1,-1,-1,-1,-1,0,10,-1,1,1,3,-1,-1,-1,0,0,1,0,0,10,0,0,0,11.68
1,0,0,0,-1,0,1,1,0,0,0,0,2,0,0,-1,2,0,-1,2,2,3,0,-1,150,0,9223372036800000000,1e+75,0,10,0,0,7,0,0,1,0,0,1,1,3,0,0,0,0,0,2,0,1,-1,-1,-1,-1,0,10,-1,1,1,3,-1,-1,-1,0,0,1,0,0,10,0,0,0,24.52
1,0,0,0,-1,0,1,1,0,0,0,0,2,0,0,-1,2,0,-1,2,2,3,0,-1,150,0,9223372036800000000,1e+75,0,10,0,0,7,0,0,1,0,0,1,0,0,0,0,0,0,0,2,0,1,-1,-1,-1,-1,0,10,-1,1,1,3,-1,-1,-1,0,0,1,0,0,10,0,0,0,9.32
1,0,0,0,-1,0,1,1,0,0,0,0,2,0,0,-1,2,0,-1,2,2,3,0,-1,150,0,9223372036800000000,1e+75,0,10,0,0,7,0,0,1,0,0,1,1,0,0,0,0,0,0,2,0,1,-1,-1,-1,-1,0,10,-1,1,1,3,-1,-1,0,0,0,1,0,0,10,0,0,0,11.35
1,0,0,0,-1,0,1,1,0,0,0,0,2,0,0,-1,2,2,-1,2,2,3,0,-1,150,0,9223372036800000000,1e+75,0,10,0,0,7,0,0,1,0,0,1,1,0,0,0,0,0,0,2,0,1,-1,-1,-1,-1,0,10,-1,1,1,3,-1,-1,-1,0,0,1,0,0,10,0,0,0,13.87
1,0,0,0,-1,0,1,1,0,0,0,0,2,0,0,-1,2,0,-1,2,2,3,0,-1,150,0,9223372036800000000,1e+75,0,10,0,0,7,0,0,1,0,0,1,1,0,0,0,0,0,0,2,0,1,-1,-1,-1,-1,0,10,-1,1,1,3,-1,-1,1,0,0,1,0,0,10,0,0,0,11.35
1,0,0,0,-1,0,1,1,0,0,0,0,1,0,0,-1,2,0,-1,2,2,3,0,-1,150,0,9223372036800000000,1e+75,0,10,0,0,7,0,0,1,0,0,1,1,0,0,0,0,0,0,2,0,1,-1,-1,-1,-1,0,10,-1,1,1,3,-1,-1,-1,0,0,1,0,0,10,0,0,0,17.62
1,0,0,0,-1,0,1,1,0,0,0,0,2,0,0,-1,2,0,-1,2,2,3,0,-1,150,0,9223372036800000000,1e+75,0,10,0,0,7,0,0,1,0,0,1,1,0,0,0,0,0,0,2,0,1,-1,-1,-1,-1,0,10,-1,1,1,3,-1,-1,2,0,0,1,0,0,10,0,0,0,14.52
1,0,0,0,-1,0,1,1,0,0,0,0,2,0,0,-1,2,0,-1,2,2,3,0,-1,150,0,9223372036800000000,1e+75,0,10,0,0,7,0,0,1,0,0,1,1,0,0,0,0,0,0,2,0,1,-1,-1,-1,-1,0,10,-1,1,1,3,-1,-1,5,0,0,1,0,0,10,0,0,0,12.58
1,0,0,0,-1,0,1,1,0,0,0,0,2,0,0,-1,2,0,-1,2,2,3,0,-1,150,0,9223372036800000000,1e+75,0,10,0,0,10,0,0,1,0,0,1,1,0,0,0,0,0,0,2,0,1,-1,-1,-1,-1,0,10,-1,1,1,3,-1,-1,-1,0,0,1,0,0,10,0,0,0,13.9
1,0,0,0,-1,0,1,1,0,0,0,0,2,0,0,-1,2,0,-1,2,2,3,0,-1,150,0,9223372036800000000,1e+75,0,10,0,0,7,0,0,1,0,0,1,1,0,0,0,0,0,0,2,0,1,-1,-1,-1,-1,1,10,-1,1,1,3,-1,-1,-1,0,0,1,0,0,10,0,0,0,12.17
1,0,0,0,-1,0,1,1,0,0,0,0,2,0,0,-1,2,0,-1,2,2,3,0,-1,150,0,9223372036800000000,1e+75,0,10,0,0,7,0,0,1,-1,0,1,1,0,0,0,0,0,0,2,0,1,-1,-1,-1,-1,0,10,-1,1,1,3,-1,-1,-1,0,0,1,0,0,10,0,0,0,19.11
1,0,0,0,-1,0,1,1,0,0,0,0,2,0,0,-1,2,0,-1,2,2,3,0,-1,150,0,9223372036800000000,1e+75,0,10,0,0,7,0,0,1,100,0,1,1,0,0,0,0,0,0,2,0,1,-1,-1,-1,-1,0,10,-1,1,1,3,-1,-1,-1,0,0,1,0,0,10,0,0,0,17.83
1,0,0,0,-1,0,1,1,0,0,0,0,2,0,0,-1,2,0,-1,2,2,3,0,-1,150,0,9223372036800000000,1e+75,0,10,0,0,7,0,0,1,500,0,1,1,0,0,0,0,0,0,2,0,1,-1,-1,-1,-1,0,10,-1,1,1,3,-1,-1,-1,0,0,1,0,0,10,0,0,0,16.67
1,0,0,0,-1,0,1,1,0,0,0,0,2,0,0,-1,2,0,-1,2,2,3,0,-1,150,0,9223372036800000000,1e+75,0,10,0,0,7,0,0,1,0,0,1,1,0,0,0,2,0,0,2,0,1,-1,-1,-1,-1,0,10,-1,1,1,3,-1,-1,-1,0,0,1,0,0,10,0,0,0,20.72
