1,0,0,0,-1,0,1,0,0,0,0,0,0,-1,-1,0,-1,0,0,2,0,3,0,-1,400,0,9223372036800000000,0,0,10,0,0,7,1,0,1,0,0,1,1,0,-1,0,0,0,0,2,0,1,-1,-1,-1,-1,0,10,-1,1,1,3,-1,-1,-1,0,0,1,0,0,10,0,0,0,11.71
1,0,0,0,-1,0,1,0,0,0,0,0,0,-1,-1,0,-1,0,0,2,0,3,0,-1,400,0,9223372036800000000,0,0,10,0,0,30,0,0,1,0,0,1,1,0,-1,0,0,0,0,2,0,1,-1,-1,-1,-1,0,10,-1,1,1,3,-1,-1,-1,0,0,1,0,0,10,0,0,0,7.92
1,0,0,0,-1,0,1,0,0,0,0,0,0,-1,-1,0,-1,0,0,2,0,3,0,-1,400,0,9223372036800000000,0,0,10,0,0,15,0,0,1,0,0,1,1,0,-1,0,0,0,0,2,0,1,-1,-1,-1,-1,0,10,-1,1,1,3,-1,-1,-1,0,0,1,0,0,10,0,0,0,7.93
1,0,0,0,-1,0,1,0,0,0,0,0,0,-1,-1,0,-1,0,0,2,0,3,0,-1,400,0,9223372036800000000,0,0,10,0,0,10,0,0,1,0,0,1,1,0,-1,0,0,0,0,2,0,1,-1,-1,-1,-1,0,10,-1,1,1,3,-1,-1,-1,0,0,1,0,0,10,0,0,0,7.93
1,0,0,0,-1,0,1,0,0,0,0,0,0,-1,-1,0,-1,0,0,2,0,3,0,-1,400,0,9223372036800000000,0,0,10,0,0,4,0,0,1,0,0,1,1,0,-1,0,0,0,0,2,0,1,-1,-1,-1,-1,0,10,-1,1,1,3,-1,-1,-1,0,0,1,0,0,10,0,0,0,7.93
1,0,0,0,-1,0,1,0,0,0,0,0,0,-1,-1,0,-1,0,0,2,0,3,0,-1,400,0,9223372036800000000,0,0,10,0,0,3,0,0,1,0,0,1,1,0,-1,0,0,0,0,2,0,1,-1,-1,-1,-1,0,10,-1,1,1,3,-1,-1,-1,0,0,1,0,0,10,0,0,0,7.93
1,0,0,0,-1,0,1,0,0,0,0,0,0,-1,-1,0,-1,0,0,2,0,3,0,-1,400,0,9223372036800000000,0,0,10,0,0,2,0,0,1,0,0,1,1,0,-1,0,0,0,0,2,0,1,-1,-1,-1,-1,0,10,-1,1,1,3,-1,-1,-1,0,0,1,0,0,10,0,0,0,7.93
1,0,0,0,-1,0,1,0,0,0,0,0,0,-1,-1,0,-1,0,0,2,0,3,0,-1,400,0,9223372036800000000,0,0,10,0,0,0,0,0,1,0,0,1,1,0,-1,0,0,0,0,2,0,1,-1,-1,-1,-1,0,10,-1,1,1,3,-1,-1,-1,0,0,1,0,0,10,0,0,0,7.93
1,0,0,0,-1,0,1,0,0,0,0,0,0,-1,-1,0,-1,0,0,2,0,3,0,-1,400,0,9223372036800000000,0,0,10,0,0,7,0,0,1,0,0,1,1,0,-1,1000,0,0,0,2,0,1,-1,-1,-1,-1,0,10,-1,1,1,3,-1,-1,-1,0,0,1,0,0,10,0,0,0,11.22
1,0,0,0,-1,0,1,0,0,0,0,0,0,-1,-1,0,-1,0,0,2,0,3,0,1,400,0,9223372036800000000,0,0,10,0,0,7,0,0,1,0,0,1,1,0,-1,0,0,0,0,2,0,1,-1,-1,-1,-1,0,10,-1,1,1,3,-1,-1,-1,0,0,1,0,0,10,0,0,0,7.85
1,0,0,0,-1,0,1,0,0,0,0,0,0,-1,-1,0,-1,0,0,2,0,3,0,-1,400,0,9223372036800000000,0,0,10,0,0,7,0,0,1,0,0,1,1,0,-1,100,0,0,0,2,0,1,-1,-1,-1,-1,0,10,-1,1,1,3,-1,-1,-1,0,0,1,0,0,10,0,0,0,10.99
1,0,0,0,-1,0,1,0,0,0,0,0,0,-1,-1,0,-1,0,0,2,0,3,0,-1,400,0,9223372036800000000,0,0,10,0,0,7,0,0,1,0,0,1,1,0,-1,60,0,0,0,2,0,1,-1,-1,-1,-1,0,10,-1,1,1,3,-1,-1,-1,0,0,1,0,0,10,0,0,0,10.88
1,0,0,0,-1,0,1,0,0,0,0,0,0,-1,-1,0,-1,0,0,2,0,3,0,-1,400,0,9223372036800000000,0,0,10,0,0,7,0,0,1,0,0,1,1,0,-1,20,0,0,0,2,0,1,-1,-1,-1,-1,0,10,-1,1,1,3,-1,-1,-1,0,0,1,0,0,10,0,0,0,12.5
1,0,0,0,-1,0,1,0,0,0,0,0,0,-1,-1,0,-1,0,0,2,0,3,0,-1,400,0,9223372036800000000,0,0,10,0,0,7,0,0,1,0,0,1,1,0,-1,-1,0,0,0,2,0,1,-1,-1,-1,-1,0,10,-1,1,1,3,-1,-1,-1,0,0,1,0,0,10,0,0,0,9.54
1,0,0,0,-1,0,1,0,0,0,0,0,0,-1,-1,0,-1,0,-1,2,0,3,0,-1,400,0,9223372036800000000,0,0,10,0,0,7,0,0,1,0,0,1,1,0,-1,0,0,0,0,2,0,1,-1,-1,-1,-1,0,10,-1,1,1,3,-1,-1,-1,0,0,1,0,0,10,0,0,0,8.77
1,0,0,0,-1,0,1,0,0,0,0,0,0,-1,-1,0,-1,0,0,2,0,3,0,-1,400,0,9223372036800000000,0,0,10,0,0,7,0,0,1,0,0,1,1,0,-1,40,0,0,0,2,0,1,-1,-1,-1,-1,0,10,-1,1,1,3,-1,-1,-1,0,0,1,0,0,10,0,0,0,11.02
1,0,0,0,-1,0,1,0,0,0,0,0,2,-1,-1,0,-1,0,0,2,0,3,0,-1,400,0,9223372036800000000,0,0,10,0,0,7,0,0,1,0,0,1,1,0,-1,0,0,0,0,2,0,1,-1,-1,-1,-1,0,10,-1,1,1,3,-1,-1,-1,0,0,1,0,0,10,0,0,0,11.03
1,0,0,0,-1,0,1,0,0,0,0,0,0,-1,-1,0,-1,0,0,2,0,3,0,-1,400,0,9223372036800000000,0,0,10,0,0,7,0,0,1,0,0,1,1,0,-1,0,0,0,4,2,0,1,-1,-1,-1,-1,0,10,-1,1,1,3,-1,-1,-1,0,0,1,0,0,10,0,0,0,9.9
1,0,0,0,-1,0,1,0,0,0,0,0,-1,-1,-1,0,-1,0,0,2,0,3,0,-1,400,0,9223372036800000000,0,0,10,0,0,7,0,0,1,0,0,1,1,0,-1,0,0,0,0,2,0,1,-1,-1,-1,-1,0,10,-1,1,1,3,-1,-1,-1,0,0,1,0,0,10,0,0,0,7.93
1,0,0,0,-1,0,1,0,0,0,0,0,0,-1,-1,0,1,0,1,2,0,3,0,-1,400,0,9223372036800000000,0,0,10,0,0,7,0,0,1,0,0,1,1,0,-1,0,0,0,0,2,0,1,-1,-1,-1,-1,0,10,-1,1,1,3,-1,-1,-1,0,0,1,0,0,10,0,0,0,9.78
1,0,0,0,-1,0,1,0,0,0,0,0,0,-1,-1,0,-1,0,0,2,0,3,0,-1,400,0,9223372036800000000,0,0,10,0,0,7,0,0,1,0,0,1,1,0,-1,500,0,0,0,2,0,1,-1,-1,-1,-1,0,10,-1,1,1,3,-1,-1,-1,0,0,1,0,0,10,0,0,0,10.28
1,0,0,0,-1,0,1,3,0,0,0,0,0,-1,-1,0,1,0,0,2,0,3,0,-1,400,0,9223372036800000000,0,0,10,0,0,7,0,0,1,0,0,1,1,0,-1,0,0,0,0,2,0,1,-1,-1,-1,-1,0,10,-1,1,1,3,-1,-1,-1,0,0,1,0,0,10,0,0,0,8.64
1,0,0,0,-1,0,1,0,0,0,0,0,0,1,-1,0,1,0,0,2,0,3,0,-1,200,0,9223372036800000000,1e+75,0,10,0,0,7,0,0,1,0,0,1,1,0,-1,0,0,0,0,2,0,1,-1,-1,-1,-1,0,10,-1,1,1,3,-1,-1,-1,0,0,1,0,0,10,0,0,0,9.98
1,0,0,0,-1,0,1,0,0,0,0,0,0,0,-1,0,1,0,1,2,0,3,0,-1,200,0,9223372036800000000,1e+75,0,10,0,0,7,0,0,1,0,0,1,1,0,-1,0,0,0,0,2,0,1,-1,-1,-1,-1,0,10,-1,1,1,3,-1,-1,-1,0,0,1,0,0,10,0,0,0,12.96
1,0,0,0,-1,0,1,0,0,0,0,0,0,0,-1,0,1,0,0,2,0,3,0,-1,200,0,9223372036800000000,1e+75,0,10,0,0,7,0,0,1,0,0,1,1,0,1,0,0,0,0,2,0,1,-1,-1,-1,-1,0,10,-1,1,1,3,-1,-1,-1,0,0,1,0,0,10,0,0,0,10.26
1,0,0,0,-1,0,1,0,0,0,0,0,0,0,-1,0,1,0,0,-1,0,3,0,-1,200,0,9223372036800000000,1e+75,0,10,0,0,7,0,0,1,0,0,1,1,0,-1,0,0,0,0,2,0,1,-1,-1,-1,-1,0,10,-1,1,1,3,-1,-1,-1,0,0,1,0,0,10,0,0,0,13.26
1,0,0,0,-1,0,1,0,0,0,0,0,0,-1,-1,0,1,0,0,2,0,3,0,-1,200,0,9223372036800000000,1e+75,0,10,0,0,7,0,0,1,0,0,1,1,0,-1,0,0,0,0,2,0,1,-1,-1,-1,-1,0,10,-1,1,1,3,-1,-1,-1,0,0,1,0,0,10,0,0,0,9
1,0,0,0,-1,0,1,0,0,0,0,0,0,-1,-1,0,1,0,0,2,0,3,0,-1,200,0,9223372036800000000,0,0,10,0,0,7,0,0,1,0,0,1,1,0,-1,0,0,0,0,2,0,1,-1,-1,-1,-1,0,10,-1,1,1,3,-1,-1,-1,0,0,1,0,0,10,0,0,0,8.99
1,0,0,0,-1,0,1,0,0,0,0,0,0,-1,-1,0,1,0,0,2,-1,3,0,-1,400,0,9223372036800000000,0,0,10,0,0,7,0,0,1,0,0,1,1,0,-1,0,0,0,0,2,0,1,-1,-1,-1,-1,0,10,-1,1,1,3,-1,-1,-1,0,0,1,0,0,10,0,0,0,8.6
1,0,0,0,-1,0,1,0,0,0,0,0,0,0,-1,-1,1,0,0,2,0,3,0,-1,200,0,9223372036800000000,1e+75,0,10,0,0,7,0,0,1,0,0,1,1,0,0,0,0,0,0,2,0,1,-1,-1,-1,-1,0,10,-1,1,1,3,-1,-1,-1,0,0,1,0,0,10,0,0,0,13.2
1,0,0,0,-1,0,1,0,0,0,0,0,0,0,0,0,1,0,0,2,0,3,0,-1,200,0,9223372036800000000,1e+75,0,10,0,0,7,0,0,1,0,0,1,1,0,0,0,0,0,0,2,0,1,-1,-1,-1,-1,0,10,-1,1,1,3,-1,-1,-1,0,0,1,0,0,10,0,0,0,10.27
1,0,0,0,-1,0,1,0,0,0,0,0,0,0,0,0,0,0,0,0,0,3,0,-1,25,0,9223372036800000000,1e+75,0,10,0,0,7,0,0,1,0,0,1,1,0,0,0,0,0,0,2,0,1,-1,-1,-1,-1,0,10,-1,1,1,3,-1,-1,-1,0,0,1,0,0,10,0,0,0,14.73
1,0,0,0,-1,0,1,0,0,0,0,0,0,0,0,0,0,0,0,1,0,3,0,-1,200,0,9223372036800000000,1e+75,0,10,0,0,7,0,0,1,0,0,1,1,0,0,0,0,0,0,2,0,1,-1,-1,-1,-1,0,10,-1,1,1,3,-1,-1,-1,0,0,1,0,0,10,0,0,0,15.56
1,0,0,0,-1,0,1,0,0,0,0,0,0,0,0,0,0,0,0,0,0,3,0,-1,800,0,9223372036800000000,1e+75,0,10,0,0,7,0,0,1,0,0,1,1,0,0,0,0,0,0,2,0,1,-1,-1,-1,-1,0,10,-1,1,1,3,-1,-1,-1,0,0,1,0,0,10,0,0,0,12.66
1,0,0,0,-1,0,1,0,0,0,0,0,0,0,0,0,0,0,0,0,0,3,0,-1,200,0,9223372036800000000,1e+75,0,10,0,0,7,0,0,1,0,0,1,1,0,0,0,0,0,0,2,0,1,-1,-1,-1,-1,0,10,-1,1,1,3,-1,-1,-1,0,0,1,0,0,10,0,0,0,12.44
1,0,0,0,-1,0,1,0,0,0,0,0,0,-1,-1,0,1,0,0,2,0,3,0,-1,400,0,9223372036800000000,0,0,10,0,0,7,0,0,1,0,0,1,1,0,-1,0,0,0,1,2,0,1,-1,-1,-1,-1,0,10,-1,1,1,3,-1,-1,-1,0,0,1,0,0,10,0,0,0,12.37
1,0,0,0,-1,0,1,0,0,0,0,0,0,-1,-1,0,1,0,0,2,0,3,0,-1,150,0,9223372036800000000,1e+75,0,10,0,0,7,0,0,1,0,0,1,1,0,-1,0,0,0,0,2,0,1,-1,-1,-1,-1,0,10,-1,1,1,3,-1,-1,-1,0,0,1,0,0,10,0,0,0,9
1,0,0,0,-1,0,1,0,0,0,0,0,0,0,-1,0,-1,0,0,2,0,3,0,-1,400,0,9223372036800000000,0,0,10,0,0,7,0,0,1,0,0,1,1,0,-1,0,0,0,0,2,0,1,-1,-1,-1,-1,0,10,-1,1,1,3,-1,-1,-1,0,0,1,0,0,10,0,0,0,10.93
1,0,0,0,-1,0,1,0,0,0,0,0,0,0,-1,0,0,0,0,0,0,3,0,-1,200,0,9223372036800000000,1e+75,0,10,0,0,7,0,0,1,0,0,1,1,0,0,0,0,0,0,2,0,1,-1,-1,-1,-1,0,10,-1,1,1,3,-1,-1,-1,0,0,1,0,0,10,0,0,0,12.67
1,0,0,0,-1,0,1,0,0,0,0,0,0,0,-1,1,1,0,0,2,0,3,0,-1,200,0,9223372036800000000,1e+75,0,10,0,0,7,0,0,1,0,0,1,1,0,0,0,0,0,0,2,0,1,-1,-1,-1,-1,0,10,-1,1,1,3,-1,-1,-1,0,0,1,0,0,10,0,0,0,10.57
1,0,0,0,-1,0,1,0,0,0,0,0,0,-1,-1,0,-1,0,0,2,0,3,0,-1,400,0,9223372036800000000,0,0,10,0,0,7,0,0,1,0,0,1,1,0,-1,0,0,0,0,2,0,1,-1,-1,-1,-1,0,10,-1,1,1,3,-1,-1,-1,0,0,1,0,0,10,0,0,0,7.92
1,0,0,0,-1,0,1,0,0,0,0,0,0,0,0,0,2,0,0,0,0,3,0,-1,200,0,9223372036800000000,1e+75,0,10,0,0,7,0,0,1,0,0,1,1,0,0,0,0,0,0,2,0,1,-1,-1,-1,-1,0,10,-1,1,1,3,-1,-1,-1,0,0,1,0,0,10,0,0,0,12.67
1,0,0,0,-1,0,1,0,0,0,0,0,0,-1,-1,0,1,0,0,2,0,3,0,-1,200,0,9223372036800000000,1e+75,0,10,0,0,7,0,3,1,0,0,1,1,0,-1,0,0,0,0,2,0,1,-1,-1,-1,-1,0,10,-1,1,1,3,-1,-1,-1,0,0,1,0,0,10,0,0,0,12.04
1,0,0,0,-1,0,1,0,0,0,0,0,0,-1,-1,0,-1,0,0,2,0,3,0,-1,400,0,9223372036800000000,0,0,10,0,0,7,-1,0,1,0,0,1,1,0,-1,0,0,0,0,2,0,1,-1,-1,-1,-1,0,10,-1,1,1,3,-1,-1,-1,0,0,1,0,0,10,0,0,0,9.76
1,0,0,0,-1,0,1,0,0,0,0,0,0,-1,-1,0,1,0,0,2,0,3,0,-1,200,0,9223372036800000000,1e+75,0,10,0,0,7,0,1,1,0,0,1,1,0,-1,0,0,0,0,2,0,1,-1,-1,-1,-1,0,10,-1,1,1,3,-1,-1,-1,0,0,1,0,0,10,0,0,0,9.37
1,0,0,0,-1,0,1,0,0,0,0,0,0,0,0,0,0,0,2,0,0,3,0,-1,200,0,9223372036800000000,1e+75,0,10,0,0,7,0,0,1,0,0,1,1,0,0,0,0,0,0,2,0,1,-1,-1,-1,-1,0,10,-1,1,1,3,-1,-1,-1,0,0,1,0,0,10,0,0,0,13.16
1,0,0,0,-1,0,1,0,0,0,0,0,0,0,-1,0,1,0,0,2,-1,3,0,-1,200,0,9223372036800000000,1e+75,0,10,0,0,7,0,0,1,0,0,1,1,0,-1,0,0,0,0,2,0,1,-1,-1,-1,-1,0,10,-1,1,1,3,-1,-1,-1,0,0,1,0,0,10,0,0,0,9.8
1,0,0,0,-1,0,1,0,0,0,0,0,0,-1,-1,0,1,0,0,2,0,3,0,-1,400,0,9223372036800000000,120,0,10,0,0,7,0,0,1,0,0,1,1,0,-1,0,0,0,0,2,0,1,-1,-1,-1,-1,0,10,-1,1,1,3,-1,-1,-1,0,0,1,0,0,10,0,0,0,9
1,0,0,0,-1,0,1,0,0,0,0,0,0,0,0,-1,0,0,0,0,0,3,0,-1,200,0,9223372036800000000,1e+75,0,10,0,0,7,0,0,1,0,0,1,1,0,0,0,0,0,0,2,0,1,-1,-1,-1,-1,0,10,-1,1,1,3,-1,-1,-1,0,0,1,0,0,10,0,0,0,14.75
1,0,0,0,-1,0,1,0,0,0,0,0,0,0,-1,0,1,0,0,2,0,3,0,-1,200,0,9223372036800000000,1e+75,0,10,0,0,7,0,0,1,0,0,1,1,0,0,0,0,0,0,2,0,1,-1,-1,-1,-1,0,10,-1,1,1,3,-1,-1,-1,0,0,1,0,0,10,0,0,0,10.26
1,0,0,0,-1,0,1,0,0,0,0,0,0,-1,-1,0,1,0,0,2,0,3,0,-1,200,0,9223372036800000000,0,0,10,0,0,7,0,0,1,0,0,1,1,0,-1,0,0,0,-1,2,0,1,-1,-1,-1,-1,0,10,-1,1,1,3,-1,-1,-1,0,0,1,0,0,10,0,0,0,16.2
1,0,0,0,-1,0,1,0,0,0,0,0,0,0,3,0,1,0,0,2,0,3,0,-1,200,0,9223372036800000000,1e+75,0,10,0,0,7,0,0,1,0,0,1,1,0,0,0,0,0,0,2,0,1,-1,-1,-1,-1,0,10,-1,1,1,3,-1,-1,-1,0,0,1,0,0,10,0,0,0,10.45
1,0,0,0,-1,0,1,0,0,0,0,0,0,0,0,0,-1,0,0,0,0,3,0,-1,200,0,9223372036800000000,1e+75,0,10,0,0,7,0,0,1,0,0,1,1,0,0,0,0,0,0,2,0,1,-1,-1,-1,-1,0,10,-1,1,1,3,-1,-1,-1,0,0,1,0,0,10,0,0,0,14.88
1,0,0,0,-1,0,1,0,0,0,0,0,0,0,0,0,1,0,0,0,0,3,0,-1,200,0,9223372036800000000,1e+75,0,10,0,0,7,0,0,1,0,0,1,1,0,0,0,0,0,0,2,0,1,-1,-1,-1,-1,0,10,-1,1,1,3,-1,-1,-1,0,0,1,0,0,10,0,0,0,12.67
1,0,0,0,-1,0,1,0,0,0,0,0,0,-1,-1,0,1,0,2,2,0,3,0,-1,200,0,9223372036800000000,1e+75,0,10,0,0,7,0,0,1,0,0,1,1,0,-1,0,0,0,0,2,0,1,-1,-1,-1,-1,0,10,-1,1,1,3,-1,-1,-1,0,0,1,0,0,10,0,0,0,10.21
1,0,0,0,-1,0,1,0,0,0,0,0,0,-1,-1,0,1,0,0,2,0,3,0,-1,200,0,9223372036800000000,1e+75,0,10,0,0,7,0,2,1,0,0,1,1,0,-1,0,0,0,0,2,0,1,-1,-1,-1,-1,0,10,-1,1,1,3,-1,-1,-1,0,0,1,0,0,10,0,0,0,10.3
1,0,0,0,-1,0,1,4,0,0,0,0,0,-1,-1,0,-1,0,0,2,0,3,0,-1,400,0,9223372036800000000,0,0,10,0,0,7,0,0,1,0,0,1,1,0,-1,0,0,0,0,2,0,1,-1,-1,-1,-1,0,10,-1,1,1,3,-1,-1,-1,0,0,1,0,0,10,0,0,0,13.39
1,0,0,0,-1,0,1,0,0,0,0,0,0,0,0,0,0,0,0,0,0,3,0,-1,50,0,9223372036800000000,1e+75,0,10,0,0,7,0,0,1,0,0,1,1,0,0,0,0,0,0,2,0,1,-1,-1,-1,-1,0,10,-1,1,1,3,-1,-1,-1,0,0,1,0,0,10,0,0,0,12.72
1,0,0,0,-1,0,1,0,0,0,0,0,0,0,0,0,0,0,0,2,0,3,0,-1,200,0,9223372036800000000,1e+75,0,10,0,0,7,0,0,1,0,0,1,1,0,0,0,0,0,0,2,0,1,-1,-1,-1,-1,0,10,-1,1,1,3,-1,-1,-1,0,0,1,0,0,10,0,0,0,10.31
1,0,0,0,-1,0,1,0,0,0,0,0,0,-1,-1,0,1,0,0,2,0,3,0,-1,400,0,9223372036800000000,0,0,10,0,0,7,0,0,1,0,0,1,1,0,-1,0,0,0,0,2,0,1,-1,-1,-1,-1,0,10,-1,1,1,3,-1,-1,-1,0,0,1,0,0,10,0,0,0,8.6
1,0,0,0,-1,0,1,0,0,0,0,0,2,-1,-1,0,1,0,0,2,0,3,0,-1,400,0,9223372036800000000,0,0,10,0,0,7,0,0,1,0,0,1,1,0,-1,0,0,0,0,2,0,1,-1,-1,-1,-1,0,10,-1,1,1,3,-1,-1,-1,0,0,1,0,0,10,0,0,0,10.51
1,0,0,0,-1,0,1,0,0,0,0,0,0,-1,-1,0,1,0,0,2,0,3,0,-1,200,0,9223372036800000000,1e+75,0,10,0,0,7,0,0,1,0,0,1,1,0,1,0,0,0,0,2,0,1,-1,-1,-1,-1,0,10,-1,1,1,3,-1,-1,-1,0,0,1,0,0,10,0,0,0,11.6
1,0,0,0,-1,0,1,0,0,0,0,0,0,0,-1,0,1,0,0,2,0,3,0,-1,200,0,9223372036800000000,1e+75,0,10,0,0,7,0,0,1,0,0,1,1,0,-1,0,0,0,0,2,0,1,-1,-1,-1,-1,0,10,-1,1,1,3,-1,-1,-1,0,0,1,0,0,10,0,0,0,9.78
1,0,0,0,-1,0,1,0,0,0,0,0,0,-1,-1,0,1,0,0,-1,0,3,0,-1,200,0,9223372036800000000,1e+75,0,10,0,0,7,0,0,1,0,0,1,1,0,-1,0,0,0,0,2,0,1,-1,-1,-1,-1,0,10,-1,1,1,3,-1,-1,-1,0,0,1,0,0,10,0,0,0,17.46
1,0,0,0,-1,0,1,0,0,0,0,0,0,0,0,0,0,-1,0,0,0,3,0,-1,200,0,9223372036800000000,1e+75,0,10,0,0,7,0,0,1,0,0,1,1,0,0,0,0,0,0,2,0,1,-1,-1,-1,-1,0,10,-1,1,1,3,-1,-1,-1,0,0,1,0,0,10,0,0,0,14.52
1,0,0,0,-1,0,1,0,0,0,0,0,0,-1,-1,0,1,0,0,2,0,3,0,-1,200,0,9223372036800000000,1e+75,0,10,0,0,7,0,0,1,0,0,2,1,0,-1,0,0,0,0,2,0,1,-1,-1,-1,-1,0,10,-1,1,1,3,-1,-1,-1,0,0,1,0,0,10,0,0,0,17.31
1,0,0,0,-1,0,1,0,0,0,0,0,0,-1,-1,0,1,0,0,2,0,3,0,-1,400,0,9223372036800000000,1e+75,0,10,0,0,7,0,0,1,0,0,1,1,0,-1,0,0,0,0,2,0,1,-1,-1,-1,-1,0,10,-1,1,1,3,-1,-1,-1,0,0,1,0,0,10,0,0,0,8.6
1,0,0,0,-1,0,1,0,0,0,0,0,0,-1,-1,0,1,0,0,2,0,3,0,-1,200,0,9223372036800000000,1e+75,0,10,0,0,7,0,0,1,0,0,1,1,0,-1,0,0,0,-1,2,0,1,-1,-1,-1,-1,0,10,-1,1,1,3,-1,-1,-1,0,0,1,0,0,10,0,0,0,16.19
1,0,0,0,-1,0,1,0,0,0,0,0,0,-1,-1,0,1,0,0,2,0,3,0,-1,200,0,9223372036800000000,1e+75,0,10,0,0,7,0,0,1,0,0,1,1,0,-1,0,0,0,1,2,0,1,-1,-1,-1,-1,0,10,-1,1,1,3,-1,-1,-1,0,0,1,0,0,10,0,0,0,12.37
1,0,0,0,-1,0,1,0,0,0,0,0,0,-1,-1,0,1,0,0,2,0,3,0,-1,200,0,9223372036800000000,1e+75,0,10,0,0,7,0,0,1,0,0,1,1,0,-1,0,0,0,4,2,0,1,-1,-1,-1,-1,0,10,-1,1,1,3,-1,-1,-1,0,0,1,0,0,10,0,0,0,12.44
1,0,0,0,-1,0,1,0,0,0,0,0,0,-1,-1,0,1,2,0,2,0,3,0,-1,400,0,9223372036800000000,0,0,10,0,0,7,0,0,1,0,0,1,1,0,-1,0,0,0,0,2,0,1,-1,-1,-1,-1,0,10,-1,1,1,3,-1,-1,-1,0,0,1,0,0,10,0,0,0,10.87
1,0,0,0,-1,0,1,0,0,0,0,0,0,-1,-1,0,1,0,0,2,0,3,0,-1,200,0,9223372036800000000,1e+75,0,10,0,0,7,0,0,1,0,0,1,1,0,-1,0,0,0,2,2,0,1,-1,-1,-1,-1,0,10,-1,1,1,3,-1,-1,-1,0,0,1,0,0,10,0,0,0,9.38
1,0,0,0,-1,0,1,0,0,0,0,0,0,-1,-1,0,1,0,0,2,0,3,0,-1,200,0,9223372036800000000,1e+75,0,10,0,0,7,0,0,1,0,0,1,1,0,-1,0,0,0,3,2,0,1,-1,-1,-1,-1,0,10,-1,1,1,3,-1,-1,-1,0,0,1,0,0,10,0,0,0,12.11
1,0,0,0,-1,0,1,0,0,0,0,0,0,0,0,0,0,1,0,0,0,3,0,-1,200,0,9223372036800000000,1e+75,0,10,0,0,7,0,0,1,0,0,1,1,0,0,0,0,0,0,2,0,1,-1,-1,-1,-1,0,10,-1,1,1,3,-1,-1,-1,0,0,1,0,0,10,0,0,0,16.65
1,0,0,0,-1,0,1,0,0,0,0,0,0,-1,-1,0,1,0,0,2,0,3,0,-1,200,0,9223372036800000000,1e+75,0,10,0,0,7,0,0,1,0,0,0,1,0,-1,0,0,0,0,2,0,1,-1,-1,-1,-1,0,10,-1,1,1,3,-1,-1,-1,0,0,1,0,0,10,0,0,0,20.74
1,0,0,0,-1,0,1,0,0,0,0,0,0,-1,-1,0,-1,0,0,2,0,3,0,-1,400,0,9223372036800000000,0,0,10,0,0,5,0,0,1,0,0,1,1,0,-1,0,0,0,0,2,0,1,-1,-1,-1,-1,0,10,-1,1,1,3,-1,-1,-1,0,0,1,0,0,10,0,0,0,7.93
1,0,0,0,-1,0,1,0,0,0,0,0,0,-1,-1,0,1,0,0,2,0,3,0,-1,200,0,9223372036800000000,1e+75,0,10,0,0,7,0,0,1,0,0,3,1,0,-1,0,0,0,0,2,0,1,-1,-1,-1,-1,0,10,-1,1,1,3,-1,-1,-1,0,0,1,0,0,10,0,0,0,18.03
1,0,0,0,-1,0,1,0,0,0,0,0,0,0,-1,0,1,0,0,0,0,3,0,-1,200,0,9223372036800000000,1e+75,0,10,0,0,7,0,0,1,0,0,1,1,0,-1,0,0,0,0,2,0,1,-1,-1,-1,-1,0,10,-1,1,1,3,-1,-1,-1,0,0,1,0,0,10,0,0,0,14.32
1,0,0,0,-1,0,1,0,0,0,0,0,0,-1,-1,0,1,0,0,2,0,3,0,-1,200,0,9223372036800000000,0,0,10,0,0,7,0,0,1,0,0,1,1,0,3,0,0,0,0,2,0,1,-1,-1,-1,-1,0,10,-1,1,1,3,-1,-1,-1,0,0,1,0,0,10,0,0,0,8.99
1,0,0,0,-1,0,1,0,0,0,0,0,0,-1,2,0,1,0,0,2,0,3,0,-1,200,0,9223372036800000000,0,0,10,0,0,7,0,0,1,0,0,1,1,0,-1,0,0,0,0,2,0,1,-1,-1,-1,-1,0,10,-1,1,1,3,-1,-1,-1,0,0,1,0,0,10,0,0,0,8.99
1,0,0,0,-1,0,1,0,0,0,0,0,0,-1,-1,0,-1,0,0,2,0,3,0,-1,400,0,9223372036800000000,1e+75,0,10,0,0,7,0,0,1,0,0,1,1,0,-1,0,0,0,0,2,0,1,-1,-1,-1,-1,0,10,-1,1,1,3,-1,-1,-1,0,0,1,0,0,10,0,0,0,7.93
1,0,0,0,-1,0,1,0,0,0,0,0,0,-1,-1,0,1,0,0,2,0,3,0,-1,200,0,9223372036800000000,2,0,10,0,0,7,0,0,1,0,0,1,1,0,-1,0,0,0,0,2,0,1,-1,-1,-1,-1,0,10,-1,1,1,3,-1,-1,-1,0,0,1,0,0,10,0,0,0,8.99
1,0,0,0,-1,0,1,0,0,0,0,0,0,-1,-1,0,1,0,0,2,0,3,0,-1,200,0,9223372036800000000,20,0,10,0,0,7,0,0,1,0,0,1,1,0,-1,0,0,0,0,2,0,1,-1,-1,-1,-1,0,10,-1,1,1,3,-1,-1,-1,0,0,1,0,0,10,0,0,0,8.99
1,0,0,0,-1,0,1,0,0,0,0,0,0,-1,-1,0,-1,0,0,2,0,3,0,-1,400,0,9223372036800000000,0,0,10,0,0,7,0,0,1,0,0,1,1,0,-1,200,0,0,0,2,0,1,-1,-1,-1,-1,0,10,-1,1,1,3,-1,-1,-1,0,0,1,0,0,10,0,0,0,11.21
1,0,0,0,-1,0,1,0,0,0,0,0,0,-1,-1,0,1,0,0,2,2,3,0,-1,400,0,9223372036800000000,0,0,10,0,0,7,0,0,1,0,0,1,1,0,-1,0,0,0,0,2,0,1,-1,-1,-1,-1,0,10,-1,1,1,3,-1,-1,-1,0,0,1,0,0,10,0,0,0,9
1,0,0,0,-1,0,1,0,0,0,0,0,0,-1,-1,2,-1,0,0,2,0,3,0,-1,400,0,9223372036800000000,0,0,10,0,0,7,0,0,1,0,0,1,1,0,-1,0,0,0,0,2,0,1,-1,-1,-1,-1,0,10,-1,1,1,3,-1,-1,-1,0,0,1,0,0,10,0,0,0,9.72
1,0,0,0,-1,0,1,0,0,0,0,0,0,-1,-1,0,1,0,0,2,0,3,0,-1,400,0,9223372036800000000,0,0,10,0,0,7,0,1,1,0,0,1,1,0,-1,0,0,0,0,2,0,1,-1,-1,-1,-1,0,10,-1,1,1,3,-1,-1,-1,0,0,1,0,0,10,0,0,0,9.37
1,0,0,0,-1,0,1,0,0,0,0,0,0,-1,-1,0,1,-1,0,2,0,3,0,-1,200,0,9223372036800000000,0,0,10,0,0,7,0,0,1,0,0,1,1,0,-1,0,0,0,0,2,0,1,-1,-1,-1,-1,0,10,-1,1,1,3,-1,-1,-1,0,0,1,0,0,10,0,0,0,10.86
1,0,0,0,-1,0,1,0,0,0,0,0,0,-1,-1,0,1,0,0,2,0,3,0,-1,400,0,9223372036800000000,40,0,10,0,0,7,0,0,1,0,0,1,1,0,-1,0,0,0,0,2,0,1,-1,-1,-1,-1,0,10,-1,1,1,3,-1,-1,-1,0,0,1,0,0,10,0,0,0,8.6
1,0,0,0,-1,0,1,0,0,0,0,0,0,0,0,1,0,0,0,0,0,3,0,-1,200,0,9223372036800000000,1e+75,0,10,0,0,7,0,0,1,0,0,1,1,0,0,0,0,0,0,2,0,1,-1,-1,-1,-1,0,10,-1,1,1,3,-1,-1,-1,0,0,1,0,0,10,0,0,0,14.88
1,0,0,0,-1,0,1,0,0,0,0,0,0,-1,-1,0,1,0,0,2,0,3,0,-1,400,0,9223372036800000000,240,0,10,0,0,7,0,0,1,0,0,1,1,0,-1,0,0,0,0,2,0,1,-1,-1,-1,-1,0,10,-1,1,1,3,-1,-1,-1,0,0,1,0,0,10,0,0,0,9
