1,0,0,0,-1,0,1,5,0,0,0,0,0,0,0,0,0,0,0,0,0,3,0,8,200,0,9223372036800000000,1e+75,0,10,0,0,7,0,0,1,0,0,1,1,0,0,0,0,0,0,2,0,1,-1,-1,-1,-1,0,10,-1,1,1,3,-1,-1,-1,0,0,1,0,0,10,0,0,0,18.01
1,0,0,0,-1,0,1,5,0,0,0,0,0,0,0,0,0,0,0,0,0,3,0,4,200,0,9223372036800000000,1e+75,0,10,0,0,7,0,0,1,0,0,1,1,0,0,0,0,0,0,2,0,1,-1,-1,-1,-1,0,10,-1,1,1,3,-1,-1,-1,0,0,1,0,0,10,0,0,0,18.01
1,0,0,0,-1,0,1,5,0,0,0,0,0,0,0,0,0,0,0,0,0,3,0,-1,200,0,9223372036800000000,1e+75,0,10,0,0,7,-1,0,1,0,0,1,1,0,0,0,0,0,0,2,0,1,-1,-1,-1,-1,0,10,-1,1,1,3,-1,-1,-1,0,0,1,0,0,10,0,0,0,18.01
1,0,0,0,-1,0,1,1,0,0,0,0,-1,0,-1,-1,0,1,1,0,1,3,0,-1,25,0,9223372036800000000,1e+75,0,10,0,0,7,0,0,1,0,0,1,1,0,0,0,0,0,0,2,0,1,-1,-1,-1,-1,0,10,-1,1,1,3,-1,-1,-1,0,0,1,0,0,10,0,0,0,23.34
1,0,0,0,-1,0,1,5,0,0,0,0,0,0,0,0,0,0,0,0,0,3,0,2,200,0,9223372036800000000,1e+75,0,10,0,0,7,0,0,1,0,0,1,1,0,0,0,0,0,0,2,0,1,-1,-1,-1,-1,0,10,-1,1,1,3,-1,-1,-1,0,0,1,0,0,10,0,0,0,18.01
1,0,0,0,-1,0,1,5,0,0,0,0,0,0,0,0,-1,0,0,0,0,3,0,-1,200,0,9223372036800000000,1e+75,0,10,0,0,7,0,0,1,0,0,1,1,0,0,0,0,0,0,2,0,1,-1,-1,-1,-1,0,10,-1,1,1,3,-1,-1,-1,0,0,1,0,0,10,0,0,0,18.01
1,0,0,0,-1,0,1,1,0,0,0,0,-1,0,1,0,0,1,1,0,1,3,0,-1,25,0,9223372036800000000,1e+75,0,10,0,0,7,0,0,1,0,0,1,1,0,0,0,0,0,0,2,0,1,-1,-1,-1,-1,0,10,-1,1,1,3,-1,-1,-1,0,0,1,0,0,10,0,0,0,23.34
1,0,0,0,-1,0,1,1,0,0,0,0,-1,0,-1,0,2,1,1,0,1,3,0,-1,25,0,9223372036800000000,1e+75,0,10,0,0,7,0,0,1,0,0,1,1,0,0,0,0,0,0,2,0,1,-1,-1,-1,-1,0,10,-1,1,1,3,-1,-1,-1,0,0,1,0,0,10,0,0,0,23.34
1,0,0,0,-1,0,1,1,0,0,0,0,1,0,-1,-1,1,1,1,-1,-1,3,0,-1,10,0,9223372036800000000,1e+75,0,10,0,0,7,0,0,1,0,0,1,1,0,0,0,0,0,0,2,0,1,-1,-1,-1,-1,0,10,-1,1,1,3,-1,-1,-1,0,0,1,0,0,10,0,0,0,23.34
1,0,0,0,-1,0,1,0,0,0,0,0,-1,0,-1,0,0,1,1,0,1,3,0,-1,25,0,9223372036800000000,1e+75,0,10,0,0,7,0,0,1,0,0,1,1,0,0,0,0,0,0,2,0,1,-1,-1,-1,-1,0,10,-1,1,1,3,-1,-1,-1,0,0,1,0,0,10,0,0,0,23.34
1,0,0,0,-1,0,1,1,0,0,0,0,0,0,-1,0,0,1,1,0,1,3,0,-1,25,0,9223372036800000000,1e+75,0,10,0,0,7,0,0,1,0,0,1,1,0,0,0,0,0,0,2,0,1,-1,-1,-1,-1,0,10,-1,1,1,3,-1,-1,-1,0,0,1,0,0,10,0,0,0,23.34
1,0,0,0,-1,0,1,2,0,0,0,0,-1,0,-1,0,0,1,1,0,1,3,0,-1,25,0,9223372036800000000,1e+75,0,10,0,0,7,0,0,1,0,0,1,1,0,0,0,0,0,0,2,0,1,-1,-1,-1,-1,0,10,-1,1,1,3,-1,-1,-1,0,0,1,0,0,10,0,0,0,23.34
1,0,0,0,-1,0,1,1,0,0,0,0,-1,0,-1,0,0,1,1,0,1,3,0,-1,150,0,9223372036800000000,1e+75,0,10,0,0,7,0,0,1,0,0,1,1,0,0,0,0,0,0,2,0,1,-1,-1,-1,-1,0,10,-1,1,1,3,-1,-1,-1,0,0,1,0,0,10,0,0,0,23.34
1,0,0,0,-1,0,1,5,0,0,0,0,0,0,0,0,0,0,0,0,0,3,0,-1,200,0,9223372036800000000,1e+75,0,10,0,0,7,0,0,1,0,0,1,1,0,0,0,0,0,3,2,0,1,-1,-1,-1,-1,0,10,-1,1,1,3,-1,-1,-1,0,0,1,0,0,10,0,0,0,18.01
1,0,0,0,-1,0,1,1,0,0,0,0,-1,0,-1,0,0,2,1,0,1,3,0,-1,25,0,9223372036800000000,1e+75,0,10,0,0,7,0,0,1,0,0,1,1,0,0,0,0,0,0,2,0,1,-1,-1,-1,-1,0,10,-1,1,1,3,-1,-1,-1,0,0,1,0,0,10,0,0,0,23.34
1,0,0,0,-1,0,1,5,0,0,0,0,0,0,0,0,0,0,0,0,0,3,0,-1,200,0,9223372036800000000,1e+75,0,10,0,0,2,0,0,1,0,0,1,1,0,0,0,0,0,0,2,0,1,-1,-1,-1,-1,0,10,-1,1,1,3,-1,-1,-1,0,0,1,0,0,10,0,0,0,18.01
1,0,0,0,-1,0,1,1,0,0,0,0,-1,0,-1,0,0,1,1,0,1,3,0,-1,25,0,9223372036800000000,1e+75,0,10,0,0,7,0,0,1,0,0,1,1,0,0,0,0,0,0,2,0,1,-1,-1,-1,-1,0,10,-1,1,1,3,-1,-1,-1,0,0,1,0,0,10,0,0,0,23.34
1,0,0,0,-1,0,1,1,0,0,0,0,1,0,-1,-1,1,1,1,1,-1,3,0,-1,10,0,9223372036800000000,1e+75,0,10,0,0,7,0,0,1,0,0,1,1,0,0,0,0,0,0,2,0,1,-1,-1,-1,-1,0,10,-1,1,1,3,-1,-1,-1,0,0,1,0,0,10,0,0,0,23.34
1,0,0,0,-1,0,1,1,0,0,0,0,1,0,-1,-1,1,-1,1,2,-1,3,0,-1,10,0,9223372036800000000,1e+75,0,10,0,0,7,0,0,1,0,0,1,1,0,0,0,0,0,0,2,0,1,-1,-1,-1,-1,0,10,-1,1,1,3,-1,-1,-1,0,0,1,0,0,10,0,0,0,23.34
1,0,0,0,-1,0,1,5,0,0,0,0,0,0,0,0,0,0,0,0,0,3,0,-1,200,0,9223372036800000000,1e+75,0,10,0,0,7,0,0,1,0,0,1,1,0,0,-1,0,0,0,2,0,1,-1,-1,-1,-1,0,10,-1,1,1,3,-1,-1,-1,0,0,1,0,0,10,0,0,0,18.01
1,0,0,0,-1,0,1,4,0,0,0,0,1,0,-1,-1,1,1,1,2,-1,3,0,-1,10,0,9223372036800000000,1e+75,0,10,0,0,7,0,0,1,0,0,1,1,0,0,0,0,0,0,2,0,1,-1,-1,-1,-1,0,10,-1,1,1,3,-1,-1,-1,0,0,1,0,0,10,0,0,0,23.34
1,0,0,0,-1,0,1,5,0,0,0,0,0,1,0,0,0,0,0,0,0,3,0,-1,200,0,9223372036800000000,1e+75,0,10,0,0,7,0,0,1,0,0,1,1,0,0,0,0,0,0,2,0,1,-1,-1,-1,-1,0,10,-1,1,1,3,-1,-1,-1,0,0,1,0,0,10,0,0,0,18.01
1,0,0,0,-1,0,1,5,0,0,0,0,0,0,0,0,0,0,0,0,0,3,0,-1,200,0,9223372036800000000,1e+75,0,10,0,0,7,0,0,1,0,0,1,1,0,0,20,0,0,0,2,0,1,-1,-1,-1,-1,0,10,-1,1,1,3,-1,-1,-1,0,0,1,0,0,10,0,0,0,18.01
1,0,0,0,-1,0,1,1,0,0,0,0,-1,0,-1,0,0,1,1,0,-1,3,0,-1,25,0,9223372036800000000,1e+75,0,10,0,0,7,0,0,1,0,0,1,1,0,0,0,0,0,0,2,0,1,-1,-1,-1,-1,0,10,-1,1,1,3,-1,-1,-1,0,0,1,0,0,10,0,0,0,23.34
1,0,0,0,-1,0,1,5,0,0,0,0,0,0,0,0,0,0,0,1,0,3,0,-1,200,0,9223372036800000000,1e+75,0,10,0,0,7,0,0,1,0,0,1,1,0,0,0,0,0,0,2,0,1,-1,-1,-1,-1,0,10,-1,1,1,3,-1,-1,-1,0,0,1,0,0,10,0,0,0,18.01
1,0,0,0,-1,0,1,1,0,0,0,0,-1,0,-1,0,0,1,1,1,1,3,0,-1,25,0,9223372036800000000,1e+75,0,10,0,0,7,0,0,1,0,0,1,1,0,0,0,0,0,0,2,0,1,-1,-1,-1,-1,0,10,-1,1,1,3,-1,-1,-1,0,0,1,0,0,10,0,0,0,23.34
1,0,0,0,-1,0,1,1,0,0,0,0,1,0,-1,-1,1,1,0,2,-1,3,0,-1,10,0,9223372036800000000,1e+75,0,10,0,0,7,0,0,1,0,0,1,1,0,0,0,0,0,0,2,0,1,-1,-1,-1,-1,0,10,-1,1,1,3,-1,-1,-1,0,0,1,0,0,10,0,0,0,23.34
1,0,0,0,-1,0,1,1,0,0,0,0,2,0,-1,-1,1,1,1,2,-1,3,0,-1,10,0,9223372036800000000,1e+75,0,10,0,0,7,0,0,1,0,0,1,1,0,0,0,0,0,0,2,0,1,-1,-1,-1,-1,0,10,-1,1,1,3,-1,-1,-1,0,0,1,0,0,10,0,0,0,23.34
1,0,0,0,-1,0,1,1,0,0,0,0,1,0,0,-1,1,1,1,2,-1,3,0,-1,10,0,9223372036800000000,1e+75,0,10,0,0,7,0,0,1,0,0,1,1,0,0,0,0,0,0,2,0,1,-1,-1,-1,-1,0,10,-1,1,1,3,-1,-1,-1,0,0,1,0,0,10,0,0,0,23.34
1,0,0,0,-1,0,1,1,0,0,0,0,1,0,-1,-1,1,1,2,2,-1,3,0,-1,10,0,9223372036800000000,1e+75,0,10,0,0,7,0,0,1,0,0,1,1,0,0,0,0,0,0,2,0,1,-1,-1,-1,-1,0,10,-1,1,1,3,-1,-1,-1,0,0,1,0,0,10,0,0,0,23.34
1,0,0,0,-1,0,1,1,0,0,0,0,1,0,-1,-1,1,1,1,2,-1,3,0,-1,150,0,9223372036800000000,1e+75,0,10,0,0,7,0,0,1,0,0,1,1,0,0,0,0,0,0,2,0,1,-1,-1,-1,-1,0,10,-1,1,1,3,-1,-1,-1,0,0,1,0,0,10,0,0,0,23.34
1,0,0,0,-1,0,1,5,0,0,0,0,0,0,0,0,0,0,0,0,0,3,0,-1,200,0,9223372036800000000,1e+75,0,10,0,0,7,0,0,1,0,0,1,1,0,0,0,0,0,0,2,0,1,-1,-1,-1,-1,0,10,-1,1,1,3,-1,-1,-1,0,0,1,0,0,10,0,0,0,18.01
1,0,0,0,-1,0,1,5,0,0,0,0,0,0,0,0,0,-1,0,0,0,3,0,-1,200,0,9223372036800000000,1e+75,0,10,0,0,7,0,0,1,0,0,1,1,0,0,0,0,0,0,2,0,1,-1,-1,-1,-1,0,10,-1,1,1,3,-1,-1,-1,0,0,1,0,0,10,0,0,0,18.01
1,0,0,0,-1,0,1,0,0,0,0,0,0,0,0,0,-1,0,0,0,0,3,0,-1,200,0,9223372036800000000,1e+75,0,10,0,0,7,0,0,1,0,0,1,1,0,0,0,0,0,0,2,0,1,-1,-1,-1,-1,0,10,-1,1,1,3,-1,-1,-1,0,0,1,0,0,10,0,0,0,23.34
1,0,0,0,-1,0,1,1,0,0,0,0,-1,0,-1,1,0,1,1,0,1,3,0,-1,25,0,9223372036800000000,1e+75,0,10,0,0,7,0,0,1,0,0,1,1,0,0,0,0,0,0,2,0,1,-1,-1,-1,-1,0,10,-1,1,1,3,-1,-1,-1,0,0,1,0,0,10,0,0,0,23.34
1,0,0,0,-1,0,1,1,0,0,0,0,1,0,-1,-1,1,1,1,2,-1,3,0,-1,25,0,9223372036800000000,1e+75,0,10,0,0,7,0,0,1,0,0,1,1,0,0,0,0,0,0,2,0,1,-1,-1,-1,-1,0,10,-1,1,1,3,-1,-1,-1,0,0,1,0,0,10,0,0,0,23.34
1,0,0,0,-1,0,1,5,0,0,0,0,3,0,0,2,2,1,-1,0,-1,3,0,-1,200,0,9223372036800000000,1e+75,0,10,0,0,7,0,0,1,0,0,1,1,0,0,0,0,0,0,2,0,1,-1,-1,-1,-1,0,10,-1,1,1,3,-1,-1,-1,0,0,1,0,0,10,0,0,0,18.01
1,0,0,0,-1,0,1,0,0,0,0,0,0,0,0,0,0,0,0,0,0,3,0,-1,25,0,9223372036800000000,1e+75,0,10,0,0,7,0,0,1,0,0,1,1,0,0,0,0,0,0,2,0,1,-1,-1,-1,-1,0,10,-1,1,1,3,-1,-1,-1,0,0,1,0,0,10,0,0,0,23.34
1,0,0,0,-1,0,1,1,0,0,0,0,-1,0,-1,0,0,0,1,0,1,3,0,-1,25,0,9223372036800000000,1e+75,0,10,0,0,7,0,0,1,0,0,1,1,0,0,0,0,0,0,2,0,1,-1,-1,-1,-1,0,10,-1,1,1,3,-1,-1,-1,0,0,1,0,0,10,0,0,0,23.34
1,0,0,0,-1,0,1,5,0,0,0,0,0,0,0,0,0,0,0,0,0,3,0,-1,200,0,9223372036800000000,10,0,10,0,0,7,0,0,1,0,0,1,1,0,0,0,0,0,0,2,0,1,-1,-1,-1,-1,0,10,-1,1,1,3,-1,-1,-1,0,0,1,0,0,10,0,0,0,18.01
1,0,0,0,-1,0,1,0,0,0,0,0,0,0,0,0,0,0,0,0,0,3,0,-1,400,0,9223372036800000000,1e+75,0,10,0,0,7,0,0,1,0,0,1,1,0,0,0,0,0,0,2,0,1,-1,-1,-1,-1,0,10,-1,1,1,3,-1,-1,-1,0,0,1,0,0,10,0,0,0,23.34
1,0,0,0,-1,0,1,0,0,0,0,0,0,0,0,0,0,0,0,0,0,3,0,-1,10,0,9223372036800000000,1e+75,0,10,0,0,7,0,0,1,0,0,1,1,0,0,0,0,0,0,2,0,1,-1,-1,-1,-1,0,10,-1,1,1,3,-1,-1,-1,0,0,1,0,0,10,0,0,0,23.34
1,0,0,0,-1,0,1,1,0,0,0,0,3,0,-1,0,0,1,1,0,1,3,0,-1,25,0,9223372036800000000,1e+75,0,10,0,0,7,0,0,1,0,0,1,1,0,0,0,0,0,0,2,0,1,-1,-1,-1,-1,0,10,-1,1,1,3,-1,-1,-1,0,0,1,0,0,10,0,0,0,23.34
1,0,0,0,-1,0,1,1,0,0,0,0,-1,0,-1,0,0,1,1,0,0,3,0,-1,25,0,9223372036800000000,1e+75,0,10,0,0,7,0,0,1,0,0,1,1,0,0,0,0,0,0,2,0,1,-1,-1,-1,-1,0,10,-1,1,1,3,-1,-1,-1,0,0,1,0,0,10,0,0,0,23.34
1,0,0,0,-1,0,1,5,0,0,0,0,0,0,0,0,0,0,0,0,0,3,0,-1,200,0,9223372036800000000,1,0,10,0,0,7,0,0,1,0,0,1,1,0,0,0,0,0,0,2,0,1,-1,-1,-1,-1,0,10,-1,1,1,3,-1,-1,-1,0,0,1,0,0,10,0,0,0,18.01
1,0,0,0,-1,0,1,5,0,0,0,0,3,0,0,2,2,0,-1,0,-1,3,0,-1,200,0,9223372036800000000,1e+75,0,10,0,0,7,0,0,1,0,0,1,1,0,0,0,0,0,0,2,0,1,-1,-1,-1,-1,0,10,-1,1,1,3,-1,-1,-1,0,0,1,0,0,10,0,0,0,18.01
1,0,0,0,-1,0,1,5,0,0,0,0,0,0,0,0,0,0,0,0,0,3,0,-1,10,0,9223372036800000000,1e+75,0,10,0,0,7,0,0,1,0,0,1,1,0,0,0,0,0,0,2,0,1,-1,-1,-1,-1,0,10,-1,1,1,3,-1,-1,-1,0,0,1,0,0,10,0,0,0,18.01
1,0,0,0,-1,0,1,1,0,0,0,0,1,0,-1,-1,1,1,1,2,2,3,0,-1,10,0,9223372036800000000,1e+75,0,10,0,0,7,0,0,1,0,0,1,1,0,0,0,0,0,0,2,0,1,-1,-1,-1,-1,0,10,-1,1,1,3,-1,-1,-1,0,0,1,0,0,10,0,0,0,23.34
1,0,0,0,-1,0,1,5,0,0,0,0,0,0,0,0,0,0,0,0,0,3,0,-1,200,0,9223372036800000000,1e+75,0,10,0,0,7,0,0,1,0,0,1,1,0,3,0,0,0,0,2,0,1,-1,-1,-1,-1,0,10,-1,1,1,3,-1,-1,-1,0,0,1,0,0,10,0,0,0,80480.7
1,0,0,0,-1,0,1,0,0,0,0,0,0,0,1,0,0,0,0,0,0,3,0,-1,200,0,9223372036800000000,1e+75,0,10,0,0,7,0,0,1,0,0,1,1,0,0,0,0,0,0,2,0,1,-1,-1,-1,-1,0,10,-1,1,1,3,-1,-1,-1,0,0,1,0,0,10,0,0,0,23.34
1,0,0,0,-1,0,1,5,0,0,0,0,0,0,0,0,0,0,0,0,-1,3,0,-1,200,0,9223372036800000000,1e+75,0,10,0,0,7,0,0,1,0,0,1,1,0,0,0,0,0,0,2,0,1,-1,-1,-1,-1,0,10,-1,1,1,3,-1,-1,-1,0,0,1,0,0,10,0,0,0,18.01
1,0,0,0,-1,0,1,1,0,0,0,0,-1,0,-1,0,0,1,1,0,2,3,0,-1,25,0,9223372036800000000,1e+75,0,10,0,0,7,0,0,1,0,0,1,1,0,0,0,0,0,0,2,0,1,-1,-1,-1,-1,0,10,-1,1,1,3,-1,-1,-1,0,0,1,0,0,10,0,0,0,23.34
1,0,0,0,-1,0,1,5,0,0,0,0,3,0,0,2,2,-1,-1,1,-1,3,0,-1,200,0,9223372036800000000,1e+75,0,10,0,0,7,0,0,1,0,0,1,1,0,0,0,0,0,0,2,0,1,-1,-1,-1,-1,0,10,-1,1,1,3,-1,-1,-1,0,0,1,0,0,10,0,0,0,18.01
1,0,0,0,-1,0,1,5,0,0,0,0,0,0,0,0,0,0,0,0,0,3,0,-1,200,0,9223372036800000000,120,0,10,0,0,7,0,0,1,0,0,1,1,0,0,0,0,0,0,2,0,1,-1,-1,-1,-1,0,10,-1,1,1,3,-1,-1,-1,0,0,1,0,0,10,0,0,0,18.01
1,0,0,0,-1,0,1,5,0,0,0,0,0,0,0,0,0,0,0,0,0,3,0,-1,200,0,9223372036800000000,240,0,10,0,0,7,0,0,1,0,0,1,1,0,0,0,0,0,0,2,0,1,-1,-1,-1,-1,0,10,-1,1,1,3,-1,-1,-1,0,0,1,0,0,10,0,0,0,18.01
1,0,0,0,-1,0,1,1,0,0,0,0,1,0,-1,-1,-1,1,1,2,-1,3,0,-1,10,0,9223372036800000000,1e+75,0,10,0,0,7,0,0,1,0,0,1,1,0,0,0,0,0,0,2,0,1,-1,-1,-1,-1,0,10,-1,1,1,3,-1,-1,-1,0,0,1,0,0,10,0,0,0,23.34
1,0,0,0,-1,0,1,0,0,0,0,0,0,0,0,0,0,0,0,1,0,3,0,-1,200,0,9223372036800000000,1e+75,0,10,0,0,7,0,0,1,0,0,1,1,0,0,0,0,0,0,2,0,1,-1,-1,-1,-1,0,10,-1,1,1,3,-1,-1,-1,0,0,1,0,0,10,0,0,0,23.34
1,0,0,0,-1,0,1,0,0,0,0,0,0,0,0,0,0,0,0,0,0,3,0,-1,200,0,9223372036800000000,1e+75,0,10,0,0,7,0,0,1,0,0,1,1,0,0,0,0,0,0,2,0,1,-1,-1,-1,-1,0,10,-1,1,1,3,-1,-1,-1,0,0,1,0,0,10,0,0,0,23.34
1,0,0,0,-1,0,1,5,0,0,0,0,0,0,0,0,0,0,0,0,0,3,0,-1,200,0,9223372036800000000,50,0,10,0,0,7,0,0,1,0,0,1,1,0,0,0,0,0,0,2,0,1,-1,-1,-1,-1,0,10,-1,1,1,3,-1,-1,-1,0,0,1,0,0,10,0,0,0,18.01
1,0,0,0,-1,0,1,0,0,0,0,0,0,0,2,0,0,0,0,0,0,3,0,-1,200,0,9223372036800000000,1e+75,0,10,0,0,7,0,0,1,0,0,1,1,0,0,0,0,0,0,2,0,1,-1,-1,-1,-1,0,10,-1,1,1,3,-1,-1,-1,0,0,1,0,0,10,0,0,0,23.34
1,0,0,0,-1,0,1,5,0,0,0,0,0,0,0,0,0,0,0,0,0,3,0,-1,150,0,9223372036800000000,1e+75,0,10,0,0,7,0,0,1,0,0,1,1,0,0,0,0,0,0,2,0,1,-1,-1,-1,-1,0,10,-1,1,1,3,-1,-1,-1,0,0,1,0,0,10,0,0,0,18.01
1,0,0,0,-1,0,1,1,0,0,0,0,1,0,-1,-1,1,1,-1,2,-1,3,0,-1,10,0,9223372036800000000,1e+75,0,10,0,0,7,0,0,1,0,0,1,1,0,0,0,0,0,0,2,0,1,-1,-1,-1,-1,0,10,-1,1,1,3,-1,-1,-1,0,0,1,0,0,10,0,0,0,23.34
1,0,0,0,-1,0,1,1,0,0,0,0,1,0,-1,-1,1,1,1,2,-1,3,0,-1,800,0,9223372036800000000,1e+75,0,10,0,0,7,0,0,1,0,0,1,1,0,0,0,0,0,0,2,0,1,-1,-1,-1,-1,0,10,-1,1,1,3,-1,-1,-1,0,0,1,0,0,10,0,0,0,23.34
1,0,0,0,-1,0,1,1,0,0,0,0,-1,0,-1,0,0,1,1,0,1,3,0,-1,50,0,9223372036800000000,1e+75,0,10,0,0,7,0,0,1,0,0,1,1,0,0,0,0,0,0,2,0,1,-1,-1,-1,-1,0,10,-1,1,1,3,-1,-1,-1,0,0,1,0,0,10,0,0,0,23.34
1,0,0,0,-1,0,1,1,0,0,0,0,1,0,-1,-1,1,1,1,2,-1,3,0,-1,50,0,9223372036800000000,1e+75,0,10,0,0,7,0,0,1,0,0,1,1,0,0,0,0,0,0,2,0,1,-1,-1,-1,-1,0,10,-1,1,1,3,-1,-1,-1,0,0,1,0,0,10,0,0,0,23.34
1,0,0,0,-1,0,1,0,0,0,0,0,0,0,0,0,0,0,0,2,0,3,0,-1,200,0,9223372036800000000,1e+75,0,10,0,0,7,0,0,1,0,0,1,1,0,0,0,0,0,0,2,0,1,-1,-1,-1,-1,0,10,-1,1,1,3,-1,-1,-1,0,0,1,0,0,10,0,0,0,23.34
1,0,0,0,-1,0,1,5,0,0,0,0,3,0,0,2,2,-1,1,0,-1,3,0,-1,200,0,9223372036800000000,1e+75,0,10,0,0,7,0,0,1,0,0,1,1,0,0,0,0,0,0,2,0,1,-1,-1,-1,-1,0,10,-1,1,1,3,-1,-1,-1,0,0,1,0,0,10,0,0,0,18.01
1,0,0,0,-1,0,1,5,0,0,0,0,0,0,0,0,0,0,0,0,0,3,0,-1,200,0,9223372036800000000,1e+75,0,10,0,0,7,0,2,1,0,0,1,1,0,0,0,0,0,0,2,0,1,-1,-1,-1,-1,0,10,-1,1,1,3,-1,-1,-1,0,0,1,0,0,10,0,0,0,18.01
1,0,0,0,-1,0,1,1,0,0,0,0,1,0,-1,-1,1,1,1,2,-1,3,0,-1,100,0,9223372036800000000,1e+75,0,10,0,0,7,0,0,1,0,0,1,1,0,0,0,0,0,0,2,0,1,-1,-1,-1,-1,0,10,-1,1,1,3,-1,-1,-1,0,0,1,0,0,10,0,0,0,23.34
1,0,0,0,-1,0,1,1,0,0,0,0,-1,0,3,0,0,1,1,0,1,3,0,-1,25,0,9223372036800000000,1e+75,0,10,0,0,7,0,0,1,0,0,1,1,0,0,0,0,0,0,2,0,1,-1,-1,-1,-1,0,10,-1,1,1,3,-1,-1,-1,0,0,1,0,0,10,0,0,0,23.34
1,0,0,0,-1,0,1,1,0,0,0,0,1,0,-1,-1,1,0,1,2,-1,3,0,-1,10,0,9223372036800000000,1e+75,0,10,0,0,7,0,0,1,0,0,1,1,0,0,0,0,0,0,2,0,1,-1,-1,-1,-1,0,10,-1,1,1,3,-1,-1,-1,0,0,1,0,0,10,0,0,0,23.34
1,0,0,0,-1,0,1,5,0,0,0,0,0,0,0,0,0,0,0,0,0,3,0,-1,200,0,9223372036800000000,1e+75,0,10,0,0,7,0,0,1,0,0,1,1,0,0,0,0,0,-1,2,0,1,-1,-1,-1,-1,0,10,-1,1,1,3,-1,-1,-1,0,0,1,0,0,10,0,0,0,18.01
1,0,0,0,-1,0,1,5,0,0,0,0,3,0,0,2,2,-1,-1,0,-1,3,0,-1,200,0,9223372036800000000,1e+75,0,10,0,0,7,0,0,1,0,0,1,1,0,0,0,0,0,0,2,0,1,-1,-1,-1,-1,0,10,-1,1,1,3,-1,-1,-1,0,0,1,0,0,10,0,0,0,18.01
1,0,0,0,-1,0,1,1,0,0,0,0,-1,0,-1,0,0,1,1,0,1,3,0,-1,800,0,9223372036800000000,1e+75,0,10,0,0,7,0,0,1,0,0,1,1,0,0,0,0,0,0,2,0,1,-1,-1,-1,-1,0,10,-1,1,1,3,-1,-1,-1,0,0,1,0,0,10,0,0,0,23.34
1,0,0,0,-1,0,1,5,0,0,0,0,3,0,0,1,2,-1,-1,0,-1,3,0,-1,200,0,9223372036800000000,1e+75,0,10,0,0,7,0,0,1,0,0,1,1,0,0,0,0,0,0,2,0,1,-1,-1,-1,-1,0,10,-1,1,1,3,-1,-1,-1,0,0,1,0,0,10,0,0,0,18.01
1,0,0,0,-1,0,1,5,0,0,0,0,3,0,1,2,2,-1,-1,0,-1,3,0,-1,200,0,9223372036800000000,1e+75,0,10,0,0,7,0,0,1,0,0,1,1,0,0,0,0,0,0,2,0,1,-1,-1,-1,-1,0,10,-1,1,1,3,-1,-1,-1,0,0,1,0,0,10,0,0,0,18.01
1,0,0,0,-1,0,1,5,0,0,0,0,0,0,0,0,0,0,0,0,0,3,0,-1,200,0,9223372036800000000,1e+75,0,10,0,0,7,0,0,1,0,0,1,1,0,2,0,0,0,0,2,0,1,-1,-1,-1,-1,0,10,-1,1,1,3,-1,-1,-1,0,0,1,0,0,10,0,0,0,18.01
1,0,0,0,-1,0,1,5,0,0,0,0,3,0,0,2,2,2,-1,0,-1,3,0,-1,200,0,9223372036800000000,1e+75,0,10,0,0,7,0,0,1,0,0,1,1,0,0,0,0,0,0,2,0,1,-1,-1,-1,-1,0,10,-1,1,1,3,-1,-1,-1,0,0,1,0,0,10,0,0,0,18.01
1,0,0,0,-1,0,1,5,0,0,0,0,3,0,3,2,2,-1,-1,0,-1,3,0,-1,200,0,9223372036800000000,1e+75,0,10,0,0,7,0,0,1,0,0,1,1,0,0,0,0,0,0,2,0,1,-1,-1,-1,-1,0,10,-1,1,1,3,-1,-1,-1,0,0,1,0,0,10,0,0,0,18.01
1,0,0,0,-1,0,1,5,0,0,0,0,3,0,2,2,2,-1,-1,0,-1,3,0,-1,200,0,9223372036800000000,1e+75,0,10,0,0,7,0,0,1,0,0,1,1,0,0,0,0,0,0,2,0,1,-1,-1,-1,-1,0,10,-1,1,1,3,-1,-1,-1,0,0,1,0,0,10,0,0,0,18.01
1,0,0,0,-1,0,1,1,0,0,0,0,1,0,-1,-1,1,1,1,2,-1,3,0,-1,10,0,9223372036800000000,1e+75,0,10,0,0,7,0,0,1,0,0,1,1,0,0,0,0,0,0,2,0,1,-1,-1,-1,-1,0,10,-1,1,1,3,-1,-1,-1,0,0,1,0,0,10,0,0,0,23.34
1,0,0,0,-1,0,1,5,0,0,0,0,3,0,0,2,0,-1,-1,0,-1,3,0,-1,200,0,9223372036800000000,1e+75,0,10,0,0,7,0,0,1,0,0,1,1,0,0,0,0,0,0,2,0,1,-1,-1,-1,-1,0,10,-1,1,1,3,-1,-1,-1,0,0,1,0,0,10,0,0,0,18.01
1,0,0,0,-1,0,1,5,0,0,0,0,3,0,0,2,2,-1,2,0,-1,3,0,-1,200,0,9223372036800000000,1e+75,0,10,0,0,7,0,0,1,0,0,1,1,0,0,0,0,0,0,2,0,1,-1,-1,-1,-1,0,10,-1,1,1,3,-1,-1,-1,0,0,1,0,0,10,0,0,0,18.01
1,0,0,0,-1,0,1,5,0,0,0,0,3,0,0,-1,2,-1,-1,0,-1,3,0,-1,200,0,9223372036800000000,1e+75,0,10,0,0,7,0,0,1,0,0,1,1,0,0,0,0,0,0,2,0,1,-1,-1,-1,-1,0,10,-1,1,1,3,-1,-1,-1,0,0,1,0,0,10,0,0,0,18.01
1,0,0,0,-1,0,1,1,0,0,0,0,3,0,0,2,2,-1,-1,0,-1,3,0,-1,200,0,9223372036800000000,1e+75,0,10,0,0,7,0,0,1,0,0,1,1,0,0,0,0,0,0,2,0,1,-1,-1,-1,-1,0,10,-1,1,1,3,-1,-1,-1,0,0,1,0,0,10,0,0,0,23.34
1,0,0,0,-1,0,1,5,0,0,0,0,0,0,0,0,0,0,0,0,0,3,0,-1,200,0,9223372036800000000,1e+75,0,10,0,0,7,0,3,1,0,0,1,1,0,0,0,0,0,0,2,0,1,-1,-1,-1,-1,0,10,-1,1,1,3,-1,-1,-1,0,0,1,0,0,10,0,0,0,18.01
1,0,0,0,-1,0,1,5,0,0,0,0,0,0,0,0,0,0,0,0,0,3,0,-1,200,0,9223372036800000000,1e+75,0,10,0,0,30,0,0,1,0,0,1,1,0,0,0,0,0,0,2,0,1,-1,-1,-1,-1,0,10,-1,1,1,3,-1,-1,-1,0,0,1,0,0,10,0,0,0,18.01
1,0,0,0,-1,0,1,5,0,0,0,0,3,0,0,2,-1,-1,-1,0,-1,3,0,-1,200,0,9223372036800000000,1e+75,0,10,0,0,7,0,0,1,0,0,1,1,0,0,0,0,0,0,2,0,1,-1,-1,-1,-1,0,10,-1,1,1,3,-1,-1,-1,0,0,1,0,0,10,0,0,0,18.01
1,0,0,0,-1,0,1,5,0,0,0,0,3,0,0,2,2,-1,-1,0,1,3,0,-1,200,0,9223372036800000000,1e+75,0,10,0,0,7,0,0,1,0,0,1,1,0,0,0,0,0,0,2,0,1,-1,-1,-1,-1,0,10,-1,1,1,3,-1,-1,-1,0,0,1,0,0,10,0,0,0,18.01
1,0,0,0,-1,0,1,5,0,0,0,0,1,0,0,2,2,-1,-1,0,-1,3,0,-1,200,0,9223372036800000000,1e+75,0,10,0,0,7,0,0,1,0,0,1,1,0,0,0,0,0,0,2,0,1,-1,-1,-1,-1,0,10,-1,1,1,3,-1,-1,-1,0,0,1,0,0,10,0,0,0,18.01
1,0,0,0,-1,0,1,5,0,0,0,0,3,0,0,2,2,-1,-1,0,2,3,0,-1,200,0,9223372036800000000,1e+75,0,10,0,0,7,0,0,1,0,0,1,1,0,0,0,0,0,0,2,0,1,-1,-1,-1,-1,0,10,-1,1,1,3,-1,-1,-1,0,0,1,0,0,10,0,0,0,18.01
1,0,0,0,-1,0,1,5,0,0,0,0,0,0,0,0,0,0,0,0,0,3,0,-1,200,0,9223372036800000000,1e+75,0,10,0,0,7,0,0,1,0,0,1,1,0,1,0,0,0,0,2,0,1,-1,-1,-1,-1,0,10,-1,1,1,3,-1,-1,-1,0,0,1,0,0,10,0,0,0,18.01
1,0,0,0,-1,0,1,4,0,0,0,0,-1,0,-1,0,0,1,1,0,1,3,0,-1,25,0,9223372036800000000,1e+75,0,10,0,0,7,0,0,1,0,0,1,1,0,0,0,0,0,0,2,0,1,-1,-1,-1,-1,0,10,-1,1,1,3,-1,-1,-1,0,0,1,0,0,10,0,0,0,23.34
1,0,0,0,-1,0,1,1,0,0,0,0,1,0,-1,2,1,1,1,2,-1,3,0,-1,10,0,9223372036800000000,1e+75,0,10,0,0,7,0,0,1,0,0,1,1,0,0,0,0,0,0,2,0,1,-1,-1,-1,-1,0,10,-1,1,1,3,-1,-1,-1,0,0,1,0,0,10,0,0,0,23.34
1,0,0,0,-1,0,1,0,0,0,0,0,3,0,0,2,2,-1,-1,0,-1,3,0,-1,200,0,9223372036800000000,1e+75,0,10,0,0,7,0,0,1,0,0,1,1,0,0,0,0,0,0,2,0,1,-1,-1,-1,-1,0,10,-1,1,1,3,-1,-1,-1,0,0,1,0,0,10,0,0,0,23.34
1,0,0,0,-1,0,1,5,0,0,0,0,0,0,0,0,0,0,0,0,0,3,0,-1,200,0,9223372036800000000,1e+75,0,10,0,0,7,0,0,1,0,0,3,1,0,0,0,0,0,0,2,0,1,-1,-1,-1,-1,0,10,-1,1,1,3,-1,-1,-1,0,0,1,0,0,10,0,0,0,18.01
1,0,0,0,-1,0,1,5,0,0,0,0,0,0,0,0,0,0,0,0,0,3,0,-1,200,0,9223372036800000000,1e+75,0,10,0,0,7,1,0,1,0,0,1,1,0,0,0,0,0,0,2,0,1,-1,-1,-1,-1,0,10,-1,1,1,3,-1,-1,-1,0,0,1,0,0,10,0,0,0,18.01
1,0,0,0,-1,0,1,5,0,0,0,0,0,0,0,0,0,0,0,0,0,3,0,-1,200,0,9223372036800000000,40,0,10,0,0,7,0,0,1,0,0,1,1,0,0,0,0,0,0,2,0,1,-1,-1,-1,-1,0,10,-1,1,1,3,-1,-1,-1,0,0,1,0,0,10,0,0,0,18.01
1,0,0,0,-1,0,1,5,0,0,0,0,3,0,0,0,2,-1,-1,0,-1,3,0,-1,200,0,9223372036800000000,1e+75,0,10,0,0,7,0,0,1,0,0,1,1,0,0,0,0,0,0,2,0,1,-1,-1,-1,-1,0,10,-1,1,1,3,-1,-1,-1,0,0,1,0,0,10,0,0,0,18.01
1,0,0,0,-1,0,1,5,0,0,0,0,0,0,0,0,0,0,0,0,0,3,0,-1,200,0,9223372036800000000,1e+75,0,10,0,0,7,0,0,1,0,0,1,1,0,-1,0,0,0,0,2,0,1,-1,-1,-1,-1,0,10,-1,1,1,3,-1,-1,-1,0,0,1,0,0,10,0,0,0,121371
1,0,0,0,-1,0,1,5,0,0,0,0,0,-1,0,0,0,0,0,0,0,3,0,-1,200,0,9223372036800000000,1e+75,0,10,0,0,7,0,0,1,0,0,1,1,0,0,0,0,0,0,2,0,1,-1,-1,-1,-1,0,10,-1,1,1,3,-1,-1,-1,0,0,1,0,0,10,0,0,0,18.01
1,0,0,0,-1,0,1,5,0,0,0,0,0,2,0,0,0,0,0,0,0,3,0,-1,200,0,9223372036800000000,1e+75,0,10,0,0,7,0,0,1,0,0,1,1,0,0,0,0,0,0,2,0,1,-1,-1,-1,-1,0,10,-1,1,1,3,-1,-1,-1,0,0,1,0,0,10,0,0,0,18.01
1,0,0,0,-1,0,1,5,0,0,0,0,0,0,0,0,0,0,0,0,1,3,0,-1,200,0,9223372036800000000,1e+75,0,10,0,0,7,0,0,1,0,0,1,1,0,0,0,0,0,0,2,0,1,-1,-1,-1,-1,0,10,-1,1,1,3,-1,-1,-1,0,0,1,0,0,10,0,0,0,18.01
1,0,0,0,-1,0,1,5,0,0,0,0,0,3,0,0,0,0,0,0,0,3,0,-1,200,0,9223372036800000000,1e+75,0,10,0,0,7,0,0,1,0,0,1,1,0,0,0,0,0,0,2,0,1,-1,-1,-1,-1,0,10,-1,1,1,3,-1,-1,-1,0,0,1,0,0,10,0,0,0,18.01
1,0,0,0,-1,0,1,5,0,0,0,0,0,0,0,0,0,0,0,0,0,3,0,-1,200,0,9223372036800000000,1e+75,0,10,0,0,7,0,0,1,0,0,1,1,0,0,0,0,0,1,2,0,1,-1,-1,-1,-1,0,10,-1,1,1,3,-1,-1,-1,0,0,1,0,0,10,0,0,0,18.01
1,0,0,0,-1,0,1,5,0,0,0,0,0,0,0,0,0,0,0,0,0,3,0,-1,200,0,9223372036800000000,1e+75,0,10,0,0,7,0,0,1,0,0,2,1,0,0,0,0,0,0,2,0,1,-1,-1,-1,-1,0,10,-1,1,1,3,-1,-1,-1,0,0,1,0,0,10,0,0,0,18.01
1,0,0,0,-1,0,1,5,0,0,0,0,0,0,0,0,0,0,0,0,0,3,0,-1,200,0,9223372036800000000,1e+75,0,10,0,0,7,0,0,1,0,0,1,1,0,0,0,0,0,2,2,0,1,-1,-1,-1,-1,0,10,-1,1,1,3,-1,-1,-1,0,0,1,0,0,10,0,0,0,18.01
1,0,0,0,-1,0,1,5,0,0,0,0,0,0,0,0,0,0,0,0,0,3,0,-1,200,0,9223372036800000000,1e+75,0,10,0,0,7,0,0,1,0,0,1,1,0,0,0,0,0,4,2,0,1,-1,-1,-1,-1,0,10,-1,1,1,3,-1,-1,-1,0,0,1,0,0,10,0,0,0,18.01
1,0,0,0,-1,0,1,5,0,0,0,0,0,0,0,0,0,0,0,0,0,3,0,-1,200,0,9223372036800000000,30,0,10,0,0,7,0,0,1,0,0,1,1,0,0,0,0,0,0,2,0,1,-1,-1,-1,-1,0,10,-1,1,1,3,-1,-1,-1,0,0,1,0,0,10,0,0,0,18.01
1,0,0,0,-1,0,1,5,0,0,0,0,0,0,0,0,0,0,0,0,0,3,0,-1,200,0,9223372036800000000,1e+75,0,10,0,0,7,0,0,1,0,0,0,1,0,0,0,0,0,0,2,0,1,-1,-1,-1,-1,0,10,-1,1,1,3,-1,-1,-1,0,0,1,0,0,10,0,0,0,18.01
1,0,0,0,-1,0,1,5,0,0,0,0,0,0,0,0,0,0,0,0,0,3,0,-1,200,0,9223372036800000000,1e+75,0,10,0,0,7,0,1,1,0,0,1,1,0,0,0,0,0,0,2,0,1,-1,-1,-1,-1,0,10,-1,1,1,3,-1,-1,-1,0,0,1,0,0,10,0,0,0,18.01
1,0,0,0,-1,0,1,5,0,0,0,0,0,0,0,0,0,0,0,0,0,3,0,1,200,0,9223372036800000000,1e+75,0,10,0,0,7,0,0,1,0,0,1,1,0,0,0,0,0,0,2,0,1,-1,-1,-1,-1,0,10,-1,1,1,3,-1,-1,-1,0,0,1,0,0,10,0,0,0,18.01
1,0,0,0,-1,0,1,0,0,0,0,0,0,0,0,0,0,1,0,0,0,3,0,-1,200,0,9223372036800000000,1e+75,0,10,0,0,7,0,0,1,0,0,1,1,0,0,0,0,0,0,2,0,1,-1,-1,-1,-1,0,10,-1,1,1,3,-1,-1,-1,0,0,1,0,0,10,0,0,0,23.34
1,0,0,0,-1,0,1,5,0,0,0,0,0,0,0,0,0,0,0,0,0,3,0,-1,200,0,9223372036800000000,2,0,10,0,0,7,0,0,1,0,0,1,1,0,0,0,0,0,0,2,0,1,-1,-1,-1,-1,0,10,-1,1,1,3,-1,-1,-1,0,0,1,0,0,10,0,0,0,18.01
1,0,0,0,-1,0,1,5,0,0,0,0,0,0,0,0,0,0,0,0,0,3,0,-1,200,0,9223372036800000000,0,0,10,0,0,7,0,0,1,0,0,1,1,0,0,0,0,0,0,2,0,1,-1,-1,-1,-1,0,10,-1,1,1,3,-1,-1,-1,0,0,1,0,0,10,0,0,0,121371
1,0,0,0,-1,0,1,5,0,0,0,0,0,0,0,0,0,0,0,0,0,3,0,-1,200,0,9223372036800000000,1e+75,0,10,0,0,4,0,0,1,0,0,1,1,0,0,0,0,0,0,2,0,1,-1,-1,-1,-1,0,10,-1,1,1,3,-1,-1,-1,0,0,1,0,0,10,0,0,0,18.01
1,0,0,0,-1,0,1,2,0,0,0,0,0,0,0,0,0,0,0,0,0,3,0,-1,200,0,9223372036800000000,1e+75,0,10,0,0,7,0,0,1,0,0,1,1,0,0,0,0,0,0,2,0,1,-1,-1,-1,-1,0,10,-1,1,1,3,-1,-1,-1,0,0,1,0,0,10,0,0,0,23.34
1,0,0,0,-1,0,1,5,0,0,0,0,0,0,0,0,0,0,0,0,0,3,0,-1,200,0,9223372036800000000,5,0,10,0,0,7,0,0,1,0,0,1,1,0,0,0,0,0,0,2,0,1,-1,-1,-1,-1,0,10,-1,1,1,3,-1,-1,-1,0,0,1,0,0,10,0,0,0,18.01
1,0,0,0,-1,0,1,5,0,0,0,0,0,0,0,0,0,0,0,0,0,3,0,16,200,0,9223372036800000000,1e+75,0,10,0,0,7,0,0,1,0,0,1,1,0,0,0,0,0,0,2,0,1,-1,-1,-1,-1,0,10,-1,1,1,3,-1,-1,-1,0,0,1,0,0,10,0,0,0,18.01
1,0,0,0,-1,0,1,5,0,0,0,0,0,0,0,0,0,0,0,0,0,3,0,-1,200,0,9223372036800000000,20,0,10,0,0,7,0,0,1,0,0,1,1,0,0,0,0,0,0,2,0,1,-1,-1,-1,-1,0,10,-1,1,1,3,-1,-1,-1,0,0,1,0,0,10,0,0,0,18.01
1,0,0,0,-1,0,1,1,0,0,0,0,1,0,3,-1,1,1,1,2,-1,3,0,-1,10,0,9223372036800000000,1e+75,0,10,0,0,7,0,0,1,0,0,1,1,0,0,0,0,0,0,2,0,1,-1,-1,-1,-1,0,10,-1,1,1,3,-1,-1,-1,0,0,1,0,0,10,0,0,0,23.34
1,0,0,0,-1,0,1,5,0,0,0,0,0,0,0,0,0,0,0,0,0,3,0,-1,200,0,9223372036800000000,60,0,10,0,0,7,0,0,1,0,0,1,1,0,0,0,0,0,0,2,0,1,-1,-1,-1,-1,0,10,-1,1,1,3,-1,-1,-1,0,0,1,0,0,10,0,0,0,18.01
1,0,0,0,-1,0,1,5,0,0,0,0,0,0,0,0,0,0,0,0,0,3,0,-1,200,0,9223372036800000000,1e+75,0,10,0,0,7,0,0,1,0,0,1,1,0,0,40,0,0,0,2,0,1,-1,-1,-1,-1,0,10,-1,1,1,3,-1,-1,-1,0,0,1,0,0,10,0,0,0,18.01
1,0,0,0,-1,0,1,5,0,0,0,0,0,0,0,0,0,0,0,0,0,3,0,-1,200,0,9223372036800000000,1e+75,0,10,0,0,7,0,0,1,0,0,1,1,0,0,60,0,0,0,2,0,1,-1,-1,-1,-1,0,10,-1,1,1,3,-1,-1,-1,0,0,1,0,0,10,0,0,0,18.01
1,0,0,0,-1,0,1,5,0,0,0,0,0,0,0,0,0,0,0,0,0,3,0,-1,200,0,9223372036800000000,1e+75,0,10,0,0,7,0,0,1,0,0,1,1,0,0,100,0,0,0,2,0,1,-1,-1,-1,-1,0,10,-1,1,1,3,-1,-1,-1,0,0,1,0,0,10,0,0,0,18.01
1,0,0,0,-1,0,1,5,0,0,0,0,0,0,0,0,0,0,0,0,0,3,0,-1,200,0,9223372036800000000,1e+75,0,10,0,0,7,0,0,1,0,0,1,1,0,0,200,0,0,0,2,0,1,-1,-1,-1,-1,0,10,-1,1,1,3,-1,-1,-1,0,0,1,0,0,10,0,0,0,18.01
1,0,0,0,-1,0,1,5,0,0,0,0,0,0,0,0,0,0,0,0,0,3,0,-1,200,0,9223372036800000000,1e+75,0,10,0,0,7,0,0,1,0,0,1,1,0,0,500,0,0,0,2,0,1,-1,-1,-1,-1,0,10,-1,1,1,3,-1,-1,-1,0,0,1,0,0,10,0,0,0,18.01
1,0,0,0,-1,0,1,5,0,0,0,0,0,0,0,0,0,0,0,0,0,3,0,-1,200,0,9223372036800000000,1e+75,0,10,0,0,7,0,0,1,0,0,1,1,0,0,1000,0,0,0,2,0,1,-1,-1,-1,-1,0,10,-1,1,1,3,-1,-1,-1,0,0,1,0,0,10,0,0,0,18.01
1,0,0,0,-1,0,1,5,0,0,0,0,0,0,0,0,0,0,0,0,0,3,0,-1,200,0,9223372036800000000,1e+75,0,10,0,0,15,0,0,1,0,0,1,1,0,0,0,0,0,0,2,0,1,-1,-1,-1,-1,0,10,-1,1,1,3,-1,-1,-1,0,0,1,0,0,10,0,0,0,18.01
1,0,0,0,-1,0,1,5,0,0,0,0,0,0,0,0,0,0,0,0,0,3,0,-1,200,0,9223372036800000000,1e+75,0,10,0,0,0,0,0,1,0,0,1,1,0,0,0,0,0,0,2,0,1,-1,-1,-1,-1,0,10,-1,1,1,3,-1,-1,-1,0,0,1,0,0,10,0,0,0,18.01
1,0,0,0,-1,0,1,5,0,0,0,0,0,0,0,0,0,0,0,0,0,3,0,-1,200,0,9223372036800000000,1e+75,0,10,0,0,3,0,0,1,0,0,1,1,0,0,0,0,0,0,2,0,1,-1,-1,-1,-1,0,10,-1,1,1,3,-1,-1,-1,0,0,1,0,0,10,0,0,0,18.01
1,0,0,0,-1,0,1,5,0,0,0,0,2,0,0,0,0,0,0,0,0,3,0,-1,200,0,9223372036800000000,1e+75,0,10,0,0,7,0,0,1,0,0,1,1,0,0,0,0,0,0,2,0,1,-1,-1,-1,-1,0,10,-1,1,1,3,-1,-1,-1,0,0,1,0,0,10,0,0,0,18.01
1,0,0,0,-1,0,1,5,0,0,0,0,0,0,0,0,0,0,0,0,0,3,0,-1,200,0,9223372036800000000,1e+75,0,10,0,0,5,0,0,1,0,0,1,1,0,0,0,0,0,0,2,0,1,-1,-1,-1,-1,0,10,-1,1,1,3,-1,-1,-1,0,0,1,0,0,10,0,0,0,18.01
1,0,0,0,-1,0,1,5,0,0,0,0,0,0,0,0,0,0,0,0,0,3,0,-1,200,0,9223372036800000000,1e+75,0,10,0,0,10,0,0,1,0,0,1,1,0,0,0,0,0,0,2,0,1,-1,-1,-1,-1,0,10,-1,1,1,3,-1,-1,-1,0,0,1,0,0,10,0,0,0,18.01
