1,0,0,0,-1,0,1,2,0,0,0,0,0,0,2,1,2,0,1,-1,2,3,0,-1,400,0,9223372036800000000,1e+75,0,10,0,0,7,0,0,1,0,0,1,1,0,0,-1,0,0,0,2,0,1,-1,-1,-1,-1,0,10,-1,1,1,3,-1,-1,-1,0,0,1,0,0,10,0,0,0,3.9
1,0,0,0,-1,0,1,2,0,0,0,0,0,0,2,1,2,0,1,-1,2,3,0,-1,400,0,9223372036800000000,240,0,10,0,0,7,0,0,1,0,0,1,1,0,0,0,0,0,0,2,0,1,-1,-1,-1,-1,0,10,-1,1,1,3,-1,-1,-1,0,0,1,0,0,10,0,0,0,2.56
1,0,0,0,-1,0,1,2,0,0,0,0,0,0,2,1,2,0,1,-1,2,3,0,-1,400,0,9223372036800000000,120,0,10,0,0,7,0,0,1,0,0,1,1,0,0,0,0,0,0,2,0,1,-1,-1,-1,-1,0,10,-1,1,1,3,-1,-1,-1,0,0,1,0,0,10,0,0,0,2.56
1,0,0,0,-1,0,1,2,0,0,0,0,0,1,2,1,2,0,1,-1,2,3,0,-1,400,0,9223372036800000000,1e+75,0,10,0,0,7,0,0,1,0,0,1,1,0,0,0,0,0,0,2,0,1,-1,-1,-1,-1,0,10,-1,1,1,3,-1,-1,-1,0,0,1,0,0,10,0,0,0,6.16
1,0,0,0,-1,0,1,2,0,0,0,0,0,-1,2,1,2,0,1,-1,2,3,0,-1,400,0,9223372036800000000,1e+75,0,10,0,0,7,0,0,1,0,0,1,1,0,0,0,0,0,0,2,0,1,-1,-1,-1,-1,0,10,-1,1,1,3,-1,-1,-1,0,0,1,0,0,10,0,0,0,6.16
1,0,0,0,-1,0,1,2,0,0,0,0,0,0,2,1,2,0,1,-1,2,3,0,-1,400,0,9223372036800000000,1e+75,0,10,0,0,7,0,0,1,0,0,1,1,0,1,0,0,0,0,2,0,1,-1,-1,-1,-1,0,10,-1,1,1,3,-1,-1,-1,0,0,1,0,0,10,0,0,0,2.56
1,0,0,0,-1,0,1,2,0,0,0,0,0,0,2,1,2,0,1,-1,2,3,0,-1,400,0,9223372036800000000,1e+75,0,10,0,0,7,0,0,1,0,0,1,1,0,-1,0,0,0,0,2,0,1,-1,-1,-1,-1,0,10,-1,1,1,3,-1,-1,-1,0,0,1,0,0,10,0,0,0,3.48
1,0,0,0,-1,0,1,2,0,0,0,0,0,0,-1,1,2,0,1,-1,2,3,0,-1,400,0,9223372036800000000,1e+75,0,10,0,0,7,0,0,1,0,0,1,1,0,0,0,0,0,0,2,0,1,-1,-1,-1,-1,0,10,-1,1,1,3,-1,-1,-1,0,0,1,0,0,10,0,0,0,2.56
1,0,0,0,-1,0,1,2,0,0,0,0,0,0,2,1,2,0,2,-1,2,3,0,-1,400,0,9223372036800000000,1e+75,0,10,0,0,7,0,0,1,0,0,1,1,0,0,0,0,0,0,2,0,1,-1,-1,-1,-1,0,10,-1,1,1,3,-1,-1,-1,0,0,1,0,0,10,0,0,0,4.2
1,0,0,0,-1,0,1,2,0,0,0,0,0,0,2,1,2,0,1,-1,2,3,0,-1,400,0,9223372036800000000,1e+75,0,10,0,0,7,0,0,1,0,0,1,1,0,0,0,0,0,0,2,0,1,-1,-1,-1,-1,0,10,-1,1,1,3,-1,-1,-1,0,0,1,0,0,10,0,0,0,2.56
1,0,0,0,-1,0,1,4,0,0,0,0,0,0,2,1,2,0,1,-1,2,3,0,-1,400,0,9223372036800000000,1e+75,0,10,0,0,7,0,0,1,0,0,1,1,0,0,0,0,0,0,2,0,1,-1,-1,-1,-1,0,10,-1,1,1,3,-1,-1,-1,0,0,1,0,0,10,0,0,0,4.96
1,0,0,0,-1,0,1,5,0,0,0,0,0,0,2,1,2,0,1,-1,2,3,0,-1,400,0,9223372036800000000,1e+75,0,10,0,0,7,0,0,1,0,0,1,1,0,0,0,0,0,0,2,0,1,-1,-1,-1,-1,0,10,-1,1,1,3,-1,-1,-1,0,0,1,0,0,10,0,0,0,5.4
1,0,0,0,-1,0,1,2,0,0,0,0,0,0,2,1,2,-1,1,-1,2,3,0,-1,400,0,9223372036800000000,1e+75,0,10,0,0,7,0,0,1,0,0,1,1,0,0,0,0,0,0,2,0,1,-1,-1,-1,-1,0,10,-1,1,1,3,-1,-1,-1,0,0,1,0,0,10,0,0,0,3.49
1,0,0,0,-1,0,1,5,0,0,0,0,0,0,0,-1,2,0,1,-1,2,3,0,-1,400,0,9223372036800000000,1e+75,0,10,0,0,7,0,0,1,0,0,1,1,0,0,0,0,0,0,2,0,1,-1,-1,-1,-1,0,10,-1,1,1,3,-1,-1,-1,0,0,1,0,0,10,0,0,0,5.92
1,0,0,0,-1,0,1,2,0,0,0,0,0,0,2,1,2,0,1,1,2,3,0,-1,400,0,9223372036800000000,1e+75,0,10,0,0,7,0,0,1,0,0,1,1,0,0,0,0,0,0,2,0,1,-1,-1,-1,-1,0,10,-1,1,1,3,-1,-1,-1,0,0,1,0,0,10,0,0,0,2.9
1,0,0,0,-1,0,1,3,0,0,0,0,0,0,2,1,2,0,1,-1,2,3,0,-1,400,0,9223372036800000000,1e+75,0,10,0,0,7,0,0,1,0,0,1,1,0,0,0,0,0,0,2,0,1,-1,-1,-1,-1,0,10,-1,1,1,3,-1,-1,-1,0,0,1,0,0,10,0,0,0,5.75
1,0,0,0,-1,0,1,5,0,0,0,0,0,0,0,1,0,0,0,-1,0,3,0,-1,200,0,9223372036800000000,1e+75,0,10,0,0,7,0,0,1,0,0,1,1,0,0,0,0,0,0,2,0,1,-1,-1,-1,-1,0,10,-1,1,1,3,-1,-1,-1,0,0,1,0,0,10,0,0,0,5.4
1,0,0,0,-1,0,1,2,0,0,0,0,0,0,2,1,2,0,1,-1,2,3,0,-1,400,0,9223372036800000000,1e+75,0,10,0,0,7,0,0,1,0,0,1,1,0,3,0,0,0,0,2,0,1,-1,-1,-1,-1,0,10,-1,1,1,3,-1,-1,-1,0,0,1,0,0,10,0,0,0,2.56
1,0,0,0,-1,0,1,5,0,0,0,0,0,0,0,1,0,0,0,0,0,3,0,-1,25,0,9223372036800000000,1e+75,0,10,0,0,7,0,0,1,0,0,1,1,0,0,0,0,0,0,2,0,1,-1,-1,-1,-1,0,10,-1,1,1,3,-1,-1,-1,0,0,1,0,0,10,0,0,0,5.42
1,0,0,0,-1,0,1,2,0,0,0,0,0,0,2,1,2,0,1,-1,2,3,0,-1,400,0,9223372036800000000,1e+75,0,10,0,0,7,0,0,1,0,0,1,1,0,0,40,0,0,0,2,0,1,-1,-1,-1,-1,0,10,-1,1,1,3,-1,-1,-1,0,0,1,0,0,10,0,0,0,4.51
1,0,0,0,-1,0,1,2,0,0,0,0,0,0,2,1,2,0,1,-1,2,3,0,-1,400,0,9223372036800000000,1e+75,0,10,0,0,7,0,0,1,0,0,1,1,0,2,0,0,0,0,2,0,1,-1,-1,-1,-1,0,10,-1,1,1,3,-1,-1,-1,0,0,1,0,0,10,0,0,0,2.56
1,0,0,0,-1,0,1,5,0,0,0,0,0,0,0,1,0,0,0,0,0,3,0,-1,400,0,9223372036800000000,1e+75,0,10,0,0,7,0,0,1,0,0,1,1,0,0,0,0,0,0,2,0,1,-1,-1,-1,-1,0,10,-1,1,1,3,-1,-1,-1,0,0,1,0,0,10,0,0,0,5.4
1,0,0,0,-1,0,1,5,0,0,0,0,0,0,0,1,0,0,-1,0,0,3,0,-1,200,0,9223372036800000000,1e+75,0,10,0,0,7,0,0,1,0,0,1,1,0,0,0,0,0,0,2,0,1,-1,-1,-1,-1,0,10,-1,1,1,3,-1,-1,-1,0,0,1,0,0,10,0,0,0,5.4
1,0,0,0,-1,0,1,1,0,0,0,0,0,0,2,-1,2,0,1,-1,2,3,0,-1,400,0,9223372036800000000,1e+75,0,10,0,0,7,0,0,1,0,0,1,1,0,0,0,0,0,0,2,0,1,-1,-1,-1,-1,0,10,-1,1,1,3,-1,-1,-1,0,0,1,0,0,10,0,0,0,6.08
1,0,0,0,-1,0,1,5,0,0,0,0,0,0,0,2,0,0,0,0,0,3,0,-1,200,0,9223372036800000000,1e+75,0,10,0,0,7,0,0,1,0,0,1,1,0,0,0,0,0,0,2,0,1,-1,-1,-1,-1,0,10,-1,1,1,3,-1,-1,-1,0,0,1,0,0,10,0,0,0,5.4
1,0,0,0,-1,0,1,5,0,0,0,0,0,0,0,1,0,0,0,0,0,3,0,-1,200,0,9223372036800000000,1e+75,0,10,0,0,7,0,0,1,0,0,1,1,0,0,0,0,0,0,2,0,1,-1,-1,-1,-1,0,10,-1,1,1,3,-1,-1,-1,0,0,1,0,0,10,0,0,0,5.4
1,0,0,0,-1,0,1,4,0,0,0,0,0,0,0,1,0,0,0,0,0,3,0,-1,200,0,9223372036800000000,1e+75,0,10,0,0,7,0,0,1,0,0,1,1,0,0,0,0,0,0,2,0,1,-1,-1,-1,-1,0,10,-1,1,1,3,-1,-1,-1,0,0,1,0,0,10,0,0,0,6.11
1,0,0,0,-1,0,1,0,0,0,0,0,0,0,0,1,0,0,0,0,0,3,0,-1,200,0,9223372036800000000,1e+75,0,10,0,0,7,0,0,1,0,0,1,1,0,0,0,0,0,0,2,0,1,-1,-1,-1,-1,0,10,-1,1,1,3,-1,-1,-1,0,0,1,0,0,10,0,0,0,6.05
1,0,0,0,-1,0,1,5,0,0,0,0,0,0,0,1,0,-1,0,0,0,3,0,-1,200,0,9223372036800000000,1e+75,0,10,0,0,7,0,0,1,0,0,1,1,0,0,0,0,0,0,2,0,1,-1,-1,-1,-1,0,10,-1,1,1,3,-1,-1,-1,0,0,1,0,0,10,0,0,0,6.89
1,0,0,0,-1,0,1,5,0,0,0,0,0,0,0,1,0,1,0,0,0,3,0,-1,200,0,9223372036800000000,1e+75,0,10,0,0,7,0,0,1,0,0,1,1,0,0,0,0,0,0,2,0,1,-1,-1,-1,-1,0,10,-1,1,1,3,-1,-1,-1,0,0,1,0,0,10,0,0,0,6.88
1,0,0,0,-1,0,1,1,0,0,0,0,-1,0,2,1,2,0,1,-1,2,3,0,-1,400,0,9223372036800000000,1e+75,0,10,0,0,7,0,0,1,0,0,1,1,0,0,0,0,0,0,2,0,1,-1,-1,-1,-1,0,10,-1,1,1,3,-1,-1,-1,0,0,1,0,0,10,0,0,0,6.22
1,0,0,0,-1,0,1,5,0,0,0,0,2,0,0,1,0,0,0,0,0,3,0,-1,200,0,9223372036800000000,1e+75,0,10,0,0,7,0,0,1,0,0,1,1,0,0,0,0,0,0,2,0,1,-1,-1,-1,-1,0,10,-1,1,1,3,-1,-1,-1,0,0,1,0,0,10,0,0,0,5.4
1,0,0,0,-1,0,1,1,0,0,0,0,0,0,2,2,2,0,1,-1,2,3,0,-1,400,0,9223372036800000000,1e+75,0,10,0,0,7,0,0,1,0,0,1,1,0,0,0,0,0,0,2,0,1,-1,-1,-1,-1,0,10,-1,1,1,3,-1,-1,-1,0,0,1,0,0,10,0,0,0,6.22
1,0,0,0,-1,0,1,5,0,0,0,0,3,0,2,-1,2,0,1,-1,2,3,0,-1,400,0,9223372036800000000,1e+75,0,10,0,0,7,0,0,1,0,0,1,1,0,0,0,0,0,0,2,0,1,-1,-1,-1,-1,0,10,-1,1,1,3,-1,-1,-1,0,0,1,0,0,10,0,0,0,5.92
1,0,0,0,-1,0,1,0,0,0,0,0,0,0,3,1,0,0,0,0,0,3,0,-1,200,0,9223372036800000000,1e+75,0,10,0,0,7,0,0,1,0,0,1,1,0,0,0,0,0,0,2,0,1,-1,-1,-1,-1,0,10,-1,1,1,3,-1,-1,-1,0,0,1,0,0,10,0,0,0,6.88
1,0,0,0,-1,0,1,5,0,0,0,0,0,0,0,1,0,0,0,0,0,3,0,-1,100,0,9223372036800000000,1e+75,0,10,0,0,7,0,0,1,0,0,1,1,0,0,0,0,0,0,2,0,1,-1,-1,-1,-1,0,10,-1,1,1,3,-1,-1,-1,0,0,1,0,0,10,0,0,0,5.4
1,0,0,0,-1,0,1,5,0,0,0,0,0,0,0,1,0,0,0,0,0,3,0,-1,800,0,9223372036800000000,1e+75,0,10,0,0,7,0,0,1,0,0,1,1,0,0,0,0,0,0,2,0,1,-1,-1,-1,-1,0,10,-1,1,1,3,-1,-1,-1,0,0,1,0,0,10,0,0,0,5.4
1,0,0,0,-1,0,1,2,0,0,0,0,0,0,2,1,2,0,1,-1,2,3,0,-1,400,0,9223372036800000000,1e+75,0,10,0,0,7,0,0,1,0,0,1,1,0,0,20,0,0,0,2,0,1,-1,-1,-1,-1,0,10,-1,1,1,3,-1,-1,-1,0,0,1,0,0,10,0,0,0,4.72
1,0,0,0,-1,0,1,0,0,0,0,0,0,0,0,0,0,0,0,0,0,3,0,-1,200,0,9223372036800000000,1e+75,0,10,0,0,7,0,0,1,0,0,1,1,0,0,0,0,0,0,2,0,1,-1,-1,-1,-1,0,10,-1,1,1,3,-1,-1,-1,0,0,1,0,0,10,0,0,0,6.17
1,0,0,0,-1,0,1,5,0,0,0,0,0,0,1,1,0,0,0,0,0,3,0,-1,200,0,9223372036800000000,1e+75,0,10,0,0,7,0,0,1,0,0,1,1,0,0,0,0,0,0,2,0,1,-1,-1,-1,-1,0,10,-1,1,1,3,-1,-1,-1,0,0,1,0,0,10,0,0,0,5.4
1,0,0,0,-1,0,1,2,0,0,0,0,0,0,2,1,2,2,1,-1,2,3,0,-1,400,0,9223372036800000000,1e+75,0,10,0,0,7,0,0,1,0,0,1,1,0,0,0,0,0,0,2,0,1,-1,-1,-1,-1,0,10,-1,1,1,3,-1,-1,-1,0,0,1,0,0,10,0,0,0,5.1
1,0,0,0,-1,0,1,5,0,0,0,0,0,0,0,1,0,0,1,0,0,3,0,-1,200,0,9223372036800000000,1e+75,0,10,0,0,7,0,0,1,0,0,1,1,0,0,0,0,0,0,2,0,1,-1,-1,-1,-1,0,10,-1,1,1,3,-1,-1,-1,0,0,1,0,0,10,0,0,0,5.4
1,0,0,0,-1,0,1,2,0,0,0,0,0,0,2,1,2,0,1,-1,2,3,0,-1,400,0,9223372036800000000,60,0,10,0,0,7,0,0,1,0,0,1,1,0,0,0,0,0,0,2,0,1,-1,-1,-1,-1,0,10,-1,1,1,3,-1,-1,-1,0,0,1,0,0,10,0,0,0,2.56
1,0,0,0,-1,0,1,2,0,0,0,0,0,0,2,1,2,0,1,-1,2,3,0,-1,400,0,9223372036800000000,50,0,10,0,0,7,0,0,1,0,0,1,1,0,0,0,0,0,0,2,0,1,-1,-1,-1,-1,0,10,-1,1,1,3,-1,-1,-1,0,0,1,0,0,10,0,0,0,2.56
1,0,0,0,-1,0,1,0,0,0,0,0,0,0,0,0,0,1,0,0,0,3,0,-1,200,0,9223372036800000000,1e+75,0,10,0,0,7,0,0,1,0,0,1,1,0,0,0,0,0,0,2,0,1,-1,-1,-1,-1,0,10,-1,1,1,3,-1,-1,-1,0,0,1,0,0,10,0,0,0,6.18
1,0,0,0,-1,0,1,1,0,0,0,0,0,0,0,1,0,0,0,0,0,3,0,-1,200,0,9223372036800000000,1e+75,0,10,0,0,7,0,0,1,0,0,1,1,0,0,0,0,0,0,2,0,1,-1,-1,-1,-1,0,10,-1,1,1,3,-1,-1,-1,0,0,1,0,0,10,0,0,0,6.08
1,0,0,0,-1,0,1,2,0,0,0,0,0,0,1,1,2,0,1,-1,2,3,0,-1,400,0,9223372036800000000,1e+75,0,10,0,0,7,0,0,1,0,0,1,1,0,0,0,0,0,0,2,0,1,-1,-1,-1,-1,0,10,-1,1,1,3,-1,-1,-1,0,0,1,0,0,10,0,0,0,2.56
1,0,0,0,-1,0,1,1,0,0,0,0,0,0,2,1,2,0,1,-1,2,3,0,-1,400,0,9223372036800000000,1e+75,0,10,0,0,7,0,0,1,0,0,1,1,0,0,0,0,0,0,2,0,1,-1,-1,-1,-1,0,10,-1,1,1,3,-1,-1,-1,0,0,1,0,0,10,0,0,0,6.22
1,0,0,0,-1,0,1,2,0,0,0,0,0,2,2,1,2,0,1,-1,2,3,0,-1,400,0,9223372036800000000,1e+75,0,10,0,0,7,0,0,1,0,0,1,1,0,0,0,0,0,0,2,0,1,-1,-1,-1,-1,0,10,-1,1,1,3,-1,-1,-1,0,0,1,0,0,10,0,0,0,2.29
1,0,0,0,-1,0,1,1,0,0,0,0,0,0,2,-1,1,0,1,-1,2,3,0,-1,400,0,9223372036800000000,1e+75,0,10,0,0,7,0,0,1,0,0,1,1,0,0,0,0,0,0,2,0,1,-1,-1,-1,-1,0,10,-1,1,1,3,-1,-1,-1,0,0,1,0,0,10,0,0,0,6.08
1,0,0,0,-1,0,1,1,0,0,0,0,-1,0,2,-1,2,0,1,-1,2,3,0,-1,400,0,9223372036800000000,1e+75,0,10,0,0,7,0,0,1,0,0,1,1,0,0,0,0,0,0,2,0,1,-1,-1,-1,-1,0,10,-1,1,1,3,-1,-1,-1,0,0,1,0,0,10,0,0,0,6.08
1,0,0,0,-1,0,1,1,0,0,0,0,0,0,3,-1,2,0,1,-1,2,3,0,-1,400,0,9223372036800000000,1e+75,0,10,0,0,7,0,0,1,0,0,1,1,0,0,0,0,0,0,2,0,1,-1,-1,-1,-1,0,10,-1,1,1,3,-1,-1,-1,0,0,1,0,0,10,0,0,0,7.72
1,0,0,0,-1,0,1,5,0,0,0,0,1,0,0,1,0,0,0,0,0,3,0,-1,200,0,9223372036800000000,1e+75,0,10,0,0,7,0,0,1,0,0,1,1,0,0,0,0,0,0,2,0,1,-1,-1,-1,-1,0,10,-1,1,1,3,-1,-1,-1,0,0,1,0,0,10,0,0,0,5.4
1,0,0,0,-1,0,1,5,0,0,0,0,0,0,2,-1,2,0,1,-1,2,3,0,-1,400,0,9223372036800000000,1e+75,0,10,0,0,7,0,0,1,0,0,1,1,0,0,0,0,0,0,2,0,1,-1,-1,-1,-1,0,10,-1,1,1,3,-1,-1,-1,0,0,1,0,0,10,0,0,0,5.92
