1,0,0,0,-1,0,1,5,0,0,0,0,1,0,-1,2,2,1,-1,2,-1,3,0,-1,800,0,9223372036800000000,60,0,10,0,0,7,0,0,1,-1,0,3,1,0,0,0,0,0,0,2,0,1,-1,-1,-1,-1,0,10,-1,1,1,3,-1,-1,-1,0,0,1,0,0,10,0,0,0,11
1,0,0,0,-1,0,1,5,0,0,0,0,1,0,2,-1,2,1,-1,-1,-1,3,0,-1,800,0,9223372036800000000,50,0,10,0,0,7,0,0,1,0,0,2,1,0,0,0,0,0,0,2,0,1,-1,-1,-1,-1,0,10,-1,1,1,3,-1,-1,-1,0,0,1,0,0,10,0,0,0,7.54
1,0,0,0,-1,0,1,5,0,0,0,0,1,0,-1,-1,2,1,-1,-1,-1,3,0,-1,800,0,9223372036800000000,1e+75,0,10,0,0,7,0,0,1,0,0,2,1,0,0,0,0,0,0,2,0,1,-1,-1,-1,-1,0,10,-1,1,1,3,-1,-1,-1,0,0,1,0,0,10,0,0,0,6.98
1,0,0,0,-1,0,1,5,0,0,0,0,1,0,-1,-1,2,1,-1,0,-1,3,0,-1,800,0,9223372036800000000,2,0,10,0,0,7,0,0,1,0,0,2,1,0,0,0,0,0,0,2,0,1,-1,-1,-1,-1,0,10,-1,1,1,3,-1,-1,-1,0,0,1,0,0,10,0,0,0,9
1,0,0,0,-1,0,1,5,0,0,0,0,1,0,-1,-1,2,1,-1,-1,-1,3,0,-1,800,0,9223372036800000000,2,0,10,0,0,7,0,0,1,0,0,2,1,0,0,0,0,0,0,2,0,1,-1,-1,-1,-1,0,10,-1,1,1,3,-1,-1,-1,0,0,1,0,0,10,0,0,0,7.82
1,0,0,0,-1,0,1,5,0,0,0,0,1,0,-1,-1,2,1,-1,2,-1,3,0,-1,800,0,9223372036800000000,240,0,10,0,0,7,0,0,1,0,0,1,1,0,0,0,0,0,0,2,0,1,-1,-1,-1,-1,0,10,-1,1,1,3,-1,-1,-1,0,0,1,0,0,10,0,0,0,10.51
1,0,0,0,-1,0,1,5,0,0,0,0,1,0,-1,-1,2,1,-1,-1,2,3,0,-1,800,0,9223372036800000000,2,0,10,0,0,7,0,0,1,0,0,2,1,0,0,0,0,0,0,2,0,1,-1,-1,-1,-1,0,10,-1,1,1,3,-1,-1,-1,0,0,1,0,0,10,0,0,0,7.82
1,0,0,0,-1,0,1,5,0,0,0,0,1,0,-1,-1,2,1,-1,2,0,3,0,-1,800,0,9223372036800000000,2,0,10,0,0,7,0,0,1,0,0,1,1,0,0,0,0,0,0,2,0,1,-1,-1,-1,-1,0,10,-1,1,1,3,-1,-1,-1,0,0,1,0,0,10,0,0,0,10.51
1,0,0,0,-1,0,1,5,0,0,0,0,2,0,-1,-1,2,1,-1,2,-1,3,0,-1,800,0,9223372036800000000,2,0,10,0,0,7,0,0,1,0,0,1,1,0,0,0,0,0,0,2,0,1,-1,-1,-1,-1,0,10,-1,1,1,3,-1,-1,-1,0,0,1,0,0,10,0,0,0,10.6
1,0,0,0,-1,0,1,5,0,0,0,0,1,0,-1,-1,2,1,-1,2,-1,3,0,-1,800,0,9223372036800000000,2,0,10,0,0,7,0,0,1,0,0,1,1,0,0,0,0,0,0,2,0,1,-1,-1,-1,-1,0,10,-1,1,1,3,-1,-1,-1,0,0,1,0,0,10,0,0,0,10.24
1,0,0,0,-1,0,1,5,0,0,0,0,1,0,-1,-1,-1,1,-1,2,-1,3,0,-1,800,0,9223372036800000000,2,0,10,0,0,7,0,0,1,0,0,1,1,0,0,0,0,0,0,2,0,1,-1,-1,-1,-1,0,10,-1,1,1,3,-1,-1,-1,0,0,1,0,0,10,0,0,0,10.51
1,0,0,0,-1,0,1,5,0,0,0,0,1,0,-1,-1,2,1,-1,2,-1,3,0,-1,800,0,9223372036800000000,120,0,10,0,0,7,0,0,1,0,0,1,1,0,0,0,0,0,0,2,0,1,-1,-1,-1,-1,0,10,-1,1,1,3,-1,-1,-1,0,0,1,0,0,10,0,0,0,16.11
1,0,0,0,-1,0,1,5,0,0,0,0,2,0,-1,-1,2,1,-1,-1,-1,3,0,-1,800,0,9223372036800000000,2,0,10,0,0,7,0,0,1,0,0,2,1,0,0,0,0,0,0,2,0,1,-1,-1,-1,-1,0,10,-1,1,1,3,-1,-1,-1,0,0,1,0,0,10,0,0,0,10.44
1,0,0,0,-1,0,1,5,0,0,0,0,1,0,-1,-1,2,1,-1,2,-1,3,0,-1,800,0,9223372036800000000,60,0,10,0,0,7,0,0,1,0,0,1,1,0,2,0,0,0,0,2,0,1,-1,-1,-1,-1,0,10,-1,1,1,3,-1,-1,-1,0,0,1,0,0,10,0,0,0,19.31
1,0,0,0,-1,0,1,5,0,0,0,0,1,0,-1,-1,2,1,-1,2,-1,3,0,-1,800,0,9223372036800000000,60,0,10,0,0,7,0,0,1,0,0,1,1,0,0,0,0,0,1,2,0,1,-1,-1,-1,-1,0,10,-1,1,1,3,-1,-1,-1,0,0,1,0,0,10,0,0,0,25
1,0,0,0,-1,0,1,0,0,0,0,0,1,0,-1,-1,2,1,-1,2,-1,3,0,-1,800,0,9223372036800000000,60,0,10,0,0,7,0,0,1,0,0,1,1,0,0,0,0,0,0,2,0,1,-1,-1,-1,-1,0,10,-1,1,1,3,-1,-1,-1,0,0,1,0,0,10,0,0,0,15.34
1,0,0,0,-1,0,1,5,0,0,0,0,1,0,-1,-1,2,1,-1,2,-1,3,0,-1,25,0,9223372036800000000,60,0,10,0,0,7,0,0,1,0,0,1,1,0,0,0,0,0,0,2,0,1,-1,-1,-1,-1,0,10,-1,1,1,3,-1,-1,-1,0,0,1,0,0,10,0,0,0,16.75
1,0,0,0,-1,0,1,5,0,0,0,0,1,0,-1,-1,2,1,-1,2,-1,3,0,-1,50,0,9223372036800000000,60,0,10,0,0,7,0,0,1,0,0,1,1,0,0,0,0,0,0,2,0,1,-1,-1,-1,-1,0,10,-1,1,1,3,-1,-1,-1,0,0,1,0,0,10,0,0,0,17.44
1,0,0,0,-1,0,1,5,0,0,0,0,1,0,-1,-1,2,1,-1,2,-1,3,0,-1,800,0,9223372036800000000,40,0,10,0,0,7,0,0,1,0,0,1,1,0,0,0,0,0,0,2,0,1,-1,-1,-1,-1,0,10,-1,1,1,3,-1,-1,-1,0,0,1,0,0,10,0,0,0,16.19
1,0,0,0,-1,0,1,5,0,0,0,0,1,0,-1,1,2,1,-1,2,-1,3,0,-1,800,0,9223372036800000000,60,0,10,0,0,7,0,0,1,0,0,1,1,0,0,0,0,0,0,2,0,1,-1,-1,-1,-1,0,10,-1,1,1,3,-1,-1,-1,0,0,1,0,0,10,0,0,0,17.01
1,0,0,0,-1,0,1,5,0,0,0,0,1,0,-1,2,2,1,-1,2,-1,3,0,1,800,0,9223372036800000000,60,0,10,0,0,7,0,0,1,0,0,1,1,0,0,0,0,0,0,2,0,1,-1,-1,-1,-1,0,10,-1,1,1,3,-1,-1,-1,0,0,1,0,0,10,0,0,0,22.46
1,0,0,0,-1,0,1,5,0,0,0,0,1,0,-1,-1,2,1,-1,2,-1,3,0,-1,800,0,9223372036800000000,2,0,10,0,0,7,0,0,1,0,0,2,1,0,0,0,0,0,0,2,0,1,-1,-1,-1,-1,0,10,-1,1,1,3,-1,-1,-1,0,0,1,0,0,10,0,0,0,9.34
1,0,0,0,-1,0,1,5,0,0,0,0,1,0,-1,2,2,1,-1,2,-1,3,0,-1,800,0,9223372036800000000,60,0,10,0,0,7,1,0,1,0,0,1,1,0,0,0,0,0,0,2,0,1,-1,-1,-1,-1,0,10,-1,1,1,3,-1,-1,-1,0,0,1,0,0,10,0,0,0,17.44
1,0,0,0,-1,0,1,5,0,0,0,0,1,0,-1,2,2,1,-1,2,-1,3,0,-1,800,0,9223372036800000000,60,0,10,0,0,30,0,0,1,0,0,1,1,0,0,0,0,0,0,2,0,1,-1,-1,-1,-1,0,10,-1,1,1,3,-1,-1,-1,0,0,1,0,0,10,0,0,0,15.18
1,0,0,0,-1,0,1,5,0,0,0,0,1,0,-1,2,2,1,-1,2,-1,3,0,-1,800,0,9223372036800000000,60,0,10,0,0,5,0,0,1,0,0,1,1,0,0,0,0,0,0,2,0,1,-1,-1,-1,-1,0,10,-1,1,1,3,-1,-1,-1,0,0,1,0,0,10,0,0,0,15.34
1,0,0,0,-1,0,1,5,0,0,0,0,1,0,-1,2,2,1,-1,2,-1,3,0,-1,800,0,9223372036800000000,60,0,10,0,0,4,0,0,1,0,0,1,1,0,0,0,0,0,0,2,0,1,-1,-1,-1,-1,0,10,-1,1,1,3,-1,-1,-1,0,0,1,0,0,10,0,0,0,14.86
1,0,0,0,-1,0,1,5,0,0,0,0,1,0,-1,2,2,1,-1,2,-1,3,0,-1,800,0,9223372036800000000,60,0,10,0,0,0,0,0,1,0,0,1,1,0,0,0,0,0,0,2,0,1,-1,-1,-1,-1,0,10,-1,1,1,3,-1,-1,-1,0,0,1,0,0,10,0,0,0,15.34
1,0,0,0,-1,0,1,5,0,0,0,0,1,0,-1,2,2,1,-1,2,-1,3,0,-1,800,0,9223372036800000000,60,0,10,0,0,7,0,0,1,0,0,0,1,0,0,0,0,0,0,2,0,1,-1,-1,-1,-1,0,10,-1,1,1,3,-1,-1,-1,0,0,1,0,0,10,0,0,0,27.82
1,0,0,0,-1,0,1,5,0,0,0,0,1,0,-1,2,2,1,-1,2,-1,3,0,-1,800,0,9223372036800000000,60,0,10,0,0,7,0,0,1,0,0,1,1,0,0,0,0,0,3,2,0,1,-1,-1,-1,-1,0,10,-1,1,1,3,-1,-1,-1,0,0,1,0,0,10,0,0,0,16.33
1,0,0,0,-1,0,1,5,0,0,0,0,1,0,-1,2,2,1,-1,2,-1,3,0,-1,800,0,9223372036800000000,60,0,10,0,0,7,0,0,1,0,0,1,1,0,0,0,0,0,2,2,0,1,-1,-1,-1,-1,0,10,-1,1,1,3,-1,-1,-1,0,0,1,0,0,10,0,0,0,16.32
1,0,0,0,-1,0,1,5,0,0,0,0,1,0,-1,2,2,1,-1,2,-1,3,0,-1,800,0,9223372036800000000,60,0,10,0,0,7,0,0,1,0,0,1,1,0,0,0,0,0,-1,2,0,1,-1,-1,-1,-1,0,10,-1,1,1,3,-1,-1,-1,0,0,1,0,0,10,0,0,0,25.46
1,0,0,0,-1,0,1,5,0,0,0,0,2,0,0,0,2,2,0,1,0,3,0,-1,100,0,9223372036800000000,1e+75,0,10,0,0,7,0,0,1,0,0,1,1,0,0,0,0,0,0,2,0,1,-1,-1,-1,-1,0,10,-1,1,1,3,-1,-1,-1,0,0,1,0,0,10,0,0,0,17.32
1,0,0,0,-1,0,1,5,0,0,0,0,1,0,-1,-1,2,1,-1,-1,-1,3,0,-1,800,0,9223372036800000000,50,0,10,0,0,7,0,0,1,0,0,2,1,0,0,0,0,0,0,2,0,1,-1,-1,-1,-1,0,10,-1,1,1,3,-1,-1,-1,0,0,1,0,0,10,0,0,0,7.54
1,0,0,0,-1,0,1,5,0,0,0,0,1,0,-1,2,2,1,-1,2,-1,3,0,-1,800,0,9223372036800000000,60,0,10,0,0,7,0,0,1,0,0,2,1,0,0,0,0,0,0,2,0,1,-1,-1,-1,-1,0,10,-1,1,1,3,-1,-1,-1,0,0,1,0,0,10,0,0,0,19.47
1,0,0,0,-1,0,1,0,0,0,0,0,1,0,-1,-1,1,1,-1,2,-1,3,0,-1,10,0,9223372036800000000,1e+75,0,10,0,0,7,0,0,1,0,0,1,1,0,0,0,0,0,0,2,0,1,-1,-1,-1,-1,0,10,-1,1,1,3,-1,-1,-1,0,0,1,0,0,10,0,0,0,31.46
1,0,0,0,-1,0,1,5,0,0,0,0,1,0,0,-1,-1,1,-1,2,-1,3,0,-1,10,0,9223372036800000000,1e+75,0,10,0,0,7,0,0,1,0,0,1,1,0,0,0,0,0,0,2,0,1,-1,-1,-1,-1,0,10,-1,1,1,3,-1,-1,-1,0,0,1,0,0,10,0,0,0,17.09
1,0,0,0,-1,0,1,1,0,0,0,0,1,0,-1,-1,1,1,-1,2,-1,3,0,-1,10,0,9223372036800000000,1e+75,0,10,0,0,7,0,0,1,0,0,1,1,0,0,0,0,0,0,2,0,1,-1,-1,-1,-1,0,10,-1,1,1,3,-1,-1,-1,0,0,1,0,0,10,0,0,0,20.44
1,0,0,0,-1,0,1,5,0,0,0,0,2,0,0,0,0,2,0,2,0,3,0,-1,100,0,9223372036800000000,1e+75,0,10,0,0,7,0,0,1,0,0,1,1,0,0,0,0,0,0,2,0,1,-1,-1,-1,-1,0,10,-1,1,1,3,-1,-1,-1,0,0,1,0,0,10,0,0,0,17.37
1,0,0,0,-1,0,1,0,0,0,0,0,2,0,0,0,0,0,0,2,0,3,0,-1,200,0,9223372036800000000,1e+75,0,10,0,0,7,0,0,1,0,0,1,1,0,0,0,0,0,0,2,0,1,-1,-1,-1,-1,0,10,-1,1,1,3,-1,-1,-1,0,0,1,0,0,10,0,0,0,19.09
1,0,0,0,-1,0,1,5,0,0,0,0,1,0,-1,-1,2,1,-1,2,-1,3,0,-1,150,0,9223372036800000000,60,0,10,0,0,7,0,0,1,0,0,1,1,0,0,0,0,0,0,2,0,1,-1,-1,-1,-1,0,10,-1,1,1,3,-1,-1,-1,0,0,1,0,0,10,0,0,0,17.53
1,0,0,0,-1,0,1,5,0,0,0,0,1,0,-1,-1,2,1,-1,2,2,3,0,-1,800,0,9223372036800000000,1e+75,0,10,0,0,7,0,0,1,0,0,1,1,0,0,0,0,0,0,2,0,1,-1,-1,-1,-1,0,10,-1,1,1,3,-1,-1,-1,0,0,1,0,0,10,0,0,0,17.62
1,0,0,0,-1,0,1,5,0,0,0,0,2,0,0,0,0,2,0,2,2,3,0,-1,200,0,9223372036800000000,1e+75,0,10,0,0,7,0,0,1,0,0,1,1,0,0,0,0,0,0,2,0,1,-1,-1,-1,-1,0,10,-1,1,1,3,-1,-1,-1,0,0,1,0,0,10,0,0,0,18.18
1,0,0,0,-1,0,1,5,0,0,0,0,1,0,-1,2,2,1,-1,2,-1,3,0,-1,800,0,9223372036800000000,60,0,10,0,0,7,0,0,1,0,0,1,1,0,0,0,0,0,0,2,0,1,-1,-1,-1,-1,0,10,-1,1,1,3,-1,-1,-1,0,0,1,0,0,10,0,0,0,14.81
1,0,0,0,-1,0,1,5,0,0,0,0,1,0,-1,-1,2,1,-1,2,-1,3,0,-1,100,0,9223372036800000000,60,0,10,0,0,7,0,0,1,0,0,1,1,0,0,0,0,0,0,2,0,1,-1,-1,-1,-1,0,10,-1,1,1,3,-1,-1,-1,0,0,1,0,0,10,0,0,0,14.25
1,0,0,0,-1,0,1,5,0,0,0,0,1,0,-1,2,2,1,-1,2,-1,3,0,-1,800,0,9223372036800000000,60,0,10,0,0,3,0,0,1,0,0,1,1,0,0,0,0,0,0,2,0,1,-1,-1,-1,-1,0,10,-1,1,1,3,-1,-1,-1,0,0,1,0,0,10,0,0,0,15.07
1,0,0,0,-1,0,1,0,0,0,0,0,0,0,0,0,0,0,0,0,0,3,0,-1,200,0,9223372036800000000,1e+75,0,10,0,0,7,0,0,1,0,0,1,1,0,0,0,0,0,0,2,0,1,-1,-1,-1,-1,0,10,-1,1,1,3,-1,-1,-1,0,0,1,0,0,10,0,0,0,19.59
1,0,0,0,-1,0,1,1,0,0,0,0,1,0,1,-1,1,1,-1,2,-1,3,0,-1,10,0,9223372036800000000,1e+75,0,10,0,0,7,0,0,1,0,0,1,1,0,0,0,0,0,0,2,0,1,-1,-1,-1,-1,0,10,-1,1,1,3,-1,-1,-1,0,0,1,0,0,10,0,0,0,20.44
1,0,0,0,-1,0,1,1,0,0,0,0,1,0,-1,-1,1,1,1,2,-1,3,0,-1,10,0,9223372036800000000,1e+75,0,10,0,0,7,0,0,1,0,0,1,1,0,0,0,0,0,0,2,0,1,-1,-1,-1,-1,0,10,-1,1,1,3,-1,-1,-1,0,0,1,0,0,10,0,0,0,21.14
1,0,0,0,-1,0,1,5,0,0,0,0,1,0,-1,2,2,1,-1,2,-1,3,0,-1,800,0,9223372036800000000,60,0,10,0,0,7,-1,0,1,0,0,1,1,0,0,0,0,0,0,2,0,1,-1,-1,-1,-1,0,10,-1,1,1,3,-1,-1,-1,0,0,1,0,0,10,0,0,0,17.89
1,0,0,0,-1,0,1,5,0,0,0,0,1,0,-1,2,2,1,-1,2,-1,3,0,-1,800,0,9223372036800000000,60,0,10,0,0,7,0,0,1,0,0,1,1,0,0,1000,0,0,0,2,0,1,-1,-1,-1,-1,0,10,-1,1,1,3,-1,-1,-1,0,0,1,0,0,10,0,0,0,15.34
1,0,0,0,-1,0,1,5,0,0,0,0,2,0,0,0,2,2,0,2,0,3,0,-1,100,0,9223372036800000000,1e+75,0,10,0,0,7,0,0,1,0,0,1,1,0,0,0,0,0,0,2,0,1,-1,-1,-1,-1,0,10,-1,1,1,3,-1,-1,-1,0,0,1,0,0,10,0,0,0,17.17
1,0,0,0,-1,0,1,5,0,0,0,0,1,0,-1,-1,2,1,-1,2,-1,3,0,-1,800,0,9223372036800000000,60,0,10,0,0,7,0,0,1,0,0,1,1,0,-1,0,0,0,0,2,0,1,-1,-1,-1,-1,0,10,-1,1,1,3,-1,-1,-1,0,0,1,0,0,10,0,0,0,20.54
1,0,0,0,-1,0,1,0,0,0,0,0,0,0,0,0,0,0,0,2,0,3,0,-1,200,0,9223372036800000000,1e+75,0,10,0,0,7,0,0,1,0,0,1,1,0,0,0,0,0,0,2,0,1,-1,-1,-1,-1,0,10,-1,1,1,3,-1,-1,-1,0,0,1,0,0,10,0,0,0,19.3
1,0,0,0,-1,0,1,0,0,0,0,0,2,0,0,0,0,0,0,2,2,3,0,-1,200,0,9223372036800000000,1e+75,0,10,0,0,7,0,0,1,0,0,1,1,0,0,0,0,0,0,2,0,1,-1,-1,-1,-1,0,10,-1,1,1,3,-1,-1,-1,0,0,1,0,0,10,0,0,0,20.2
1,0,0,0,-1,0,1,5,0,0,0,0,1,0,0,-1,2,1,-1,2,-1,3,0,-1,800,0,9223372036800000000,60,0,10,0,0,7,0,0,1,0,0,1,1,0,0,0,0,0,0,2,0,1,-1,-1,-1,-1,0,10,-1,1,1,3,-1,-1,-1,0,0,1,0,0,10,0,0,0,16.42
1,0,0,0,-1,0,1,0,0,0,0,0,2,0,0,0,0,0,0,0,0,3,0,-1,200,0,9223372036800000000,1e+75,0,10,0,0,7,0,0,1,0,0,1,1,0,0,0,0,0,0,2,0,1,-1,-1,-1,-1,0,10,-1,1,1,3,-1,-1,-1,0,0,1,0,0,10,0,0,0,20.2
1,0,0,0,-1,0,1,5,0,0,0,0,1,0,-1,-1,2,1,-1,2,-1,3,0,-1,800,0,9223372036800000000,60,0,10,0,0,7,0,0,1,0,0,1,1,0,0,0,0,0,2,2,0,1,-1,-1,-1,-1,0,10,-1,1,1,3,-1,-1,-1,0,0,1,0,0,10,0,0,0,1.79769e+308
1,0,0,0,-1,0,1,5,0,0,0,0,1,0,-1,-1,-1,1,-1,2,-1,3,0,-1,10,0,9223372036800000000,1e+75,0,10,0,0,7,0,0,1,0,0,1,1,0,0,0,0,0,0,2,0,1,-1,-1,-1,-1,0,10,-1,1,1,3,-1,-1,-1,0,0,1,0,0,10,0,0,0,17.09
1,0,0,0,-1,0,1,5,0,0,0,0,1,0,-1,-1,2,-1,-1,2,-1,3,0,-1,800,0,9223372036800000000,60,0,10,0,0,7,0,0,1,0,0,1,1,0,0,0,0,0,0,2,0,1,-1,-1,-1,-1,0,10,-1,1,1,3,-1,-1,-1,0,0,1,0,0,10,0,0,0,15.73
1,0,0,0,-1,0,1,5,0,0,0,0,2,0,0,0,0,0,0,2,0,3,0,-1,200,0,9223372036800000000,1e+75,0,10,0,0,7,0,0,1,0,0,1,1,0,0,0,0,0,0,2,0,1,-1,-1,-1,-1,0,10,-1,1,1,3,-1,-1,-1,0,0,1,0,0,10,0,0,0,18.18
1,0,0,0,-1,0,1,0,0,0,0,0,2,0,0,0,0,0,2,2,0,3,0,-1,200,0,9223372036800000000,1e+75,0,10,0,0,7,0,0,1,0,0,1,1,0,0,0,0,0,0,2,0,1,-1,-1,-1,-1,0,10,-1,1,1,3,-1,-1,-1,0,0,1,0,0,10,0,0,0,20.2
1,0,0,0,-1,0,1,5,0,0,0,0,1,0,-1,-1,2,1,-1,2,-1,3,0,-1,800,0,9223372036800000000,60,0,10,0,0,7,0,0,1,0,0,1,1,0,0,0,0,0,0,2,0,1,-1,-1,-1,-1,0,10,-1,1,1,3,-1,-1,-1,0,0,1,0,0,10,0,0,0,10.51
1,0,0,0,-1,0,1,5,0,0,0,0,1,0,-1,-1,2,1,-1,2,-1,3,0,-1,800,0,9223372036800000000,1e+75,0,10,0,0,7,0,0,1,0,0,1,1,0,0,0,0,0,0,2,0,1,-1,-1,-1,-1,0,10,-1,1,1,3,-1,-1,-1,0,0,1,0,0,10,0,0,0,12.97
1,0,0,0,-1,0,1,5,0,0,0,0,1,0,-1,2,2,1,-1,2,-1,3,0,-1,800,0,9223372036800000000,60,0,10,0,0,7,0,0,1,0,0,3,1,0,0,0,0,0,0,2,0,1,-1,-1,-1,-1,0,10,-1,1,1,3,-1,-1,-1,0,0,1,0,0,10,0,0,0,14.25
1,0,0,0,-1,0,1,5,0,0,0,0,1,0,-1,-1,2,1,-1,2,-1,3,0,-1,10,0,9223372036800000000,1e+75,0,10,0,0,7,0,0,1,0,0,1,1,0,0,0,0,0,0,2,0,1,-1,-1,-1,-1,0,10,-1,1,1,3,-1,-1,-1,0,0,1,0,0,10,0,0,0,17.69
1,0,0,0,-1,0,1,0,0,0,0,0,0,0,0,0,0,0,0,2,0,3,0,-1,150,0,9223372036800000000,1e+75,0,10,0,0,7,0,0,1,0,0,1,1,0,0,0,0,0,0,2,0,1,-1,-1,-1,-1,0,10,-1,1,1,3,-1,-1,-1,0,0,1,0,0,10,0,0,0,20.2
1,0,0,0,-1,0,1,5,0,0,0,0,0,0,-1,-1,2,1,-1,2,-1,3,0,-1,800,0,9223372036800000000,1e+75,0,10,0,0,7,0,0,1,0,0,1,1,0,0,0,0,0,0,2,0,1,-1,-1,-1,-1,0,10,-1,1,1,3,-1,-1,-1,0,0,1,0,0,10,0,0,0,17.62
1,0,0,0,-1,0,1,0,0,0,0,0,2,0,0,1,0,0,0,2,0,3,0,-1,200,0,9223372036800000000,1e+75,0,10,0,0,7,0,0,1,0,0,1,1,0,0,0,0,0,0,2,0,1,-1,-1,-1,-1,0,10,-1,1,1,3,-1,-1,-1,0,0,1,0,0,10,0,0,0,20.2
1,0,0,0,-1,0,1,0,0,0,0,0,2,0,0,0,2,0,0,2,0,3,0,-1,200,0,9223372036800000000,1e+75,0,10,0,0,7,0,0,1,0,0,1,1,0,0,0,0,0,0,2,0,1,-1,-1,-1,-1,0,10,-1,1,1,3,-1,-1,-1,0,0,1,0,0,10,0,0,0,20.2
1,0,0,0,-1,0,1,5,0,0,0,0,1,0,-1,-1,2,1,2,2,-1,3,0,-1,800,0,9223372036800000000,60,0,10,0,0,7,0,0,1,0,0,1,1,0,0,0,0,0,0,2,0,1,-1,-1,-1,-1,0,10,-1,1,1,3,-1,-1,-1,0,0,1,0,0,10,0,0,0,20.9
1,0,0,0,-1,0,1,5,0,0,0,0,2,0,0,0,-1,2,0,2,0,3,0,-1,200,0,9223372036800000000,1e+75,0,10,0,0,7,0,0,1,0,0,1,1,0,0,0,0,0,0,2,0,1,-1,-1,-1,-1,0,10,-1,1,1,3,-1,-1,-1,0,0,1,0,0,10,0,0,0,18.62
1,0,0,0,-1,0,1,5,0,0,0,0,1,0,-1,-1,2,1,-1,2,-1,3,0,-1,100,0,9223372036800000000,1e+75,0,10,0,0,7,0,0,1,0,0,1,1,0,0,0,0,0,0,2,0,1,-1,-1,-1,-1,0,10,-1,1,1,3,-1,-1,-1,0,0,1,0,0,10,0,0,0,17.62
1,0,0,0,-1,0,1,5,0,0,0,0,2,0,0,0,2,2,0,-1,0,3,0,-1,100,0,9223372036800000000,1e+75,0,10,0,0,7,0,0,1,0,0,1,1,0,0,0,0,0,0,2,0,1,-1,-1,-1,-1,0,10,-1,1,1,3,-1,-1,-1,0,0,1,0,0,10,0,0,0,19.9
1,0,0,0,-1,0,1,5,0,0,0,0,1,0,-1,0,2,1,-1,2,-1,3,0,-1,800,0,9223372036800000000,60,0,10,0,0,7,0,0,1,0,0,1,1,0,0,0,0,0,0,2,0,1,-1,-1,-1,-1,0,10,-1,1,1,3,-1,-1,-1,0,0,1,0,0,10,0,0,0,12.97
1,0,0,0,-1,0,1,0,0,0,0,0,2,0,0,0,0,-1,0,2,0,3,0,-1,200,0,9223372036800000000,1e+75,0,10,0,0,7,0,0,1,0,0,1,1,0,0,0,0,0,0,2,0,1,-1,-1,-1,-1,0,10,-1,1,1,3,-1,-1,-1,0,0,1,0,0,10,0,0,0,25.78
1,0,0,0,-1,0,1,5,0,0,0,0,1,0,-1,-1,-1,1,-1,2,-1,3,0,-1,800,0,9223372036800000000,1e+75,0,10,0,0,7,0,0,1,0,0,1,1,0,0,0,0,0,0,2,0,1,-1,-1,-1,-1,0,10,-1,1,1,3,-1,-1,-1,0,0,1,0,0,10,0,0,0,16.83
1,0,0,0,-1,0,1,1,0,0,0,0,2,0,0,0,0,0,0,2,0,3,0,-1,200,0,9223372036800000000,1e+75,0,10,0,0,7,0,0,1,0,0,1,1,0,0,0,0,0,0,2,0,1,-1,-1,-1,-1,0,10,-1,1,1,3,-1,-1,-1,0,0,1,0,0,10,0,0,0,19.1
1,0,0,0,-1,0,1,5,0,0,0,0,1,0,2,-1,-1,1,-1,2,-1,3,0,-1,800,0,9223372036800000000,1e+75,0,10,0,0,7,0,0,1,0,0,1,1,0,0,0,0,0,0,2,0,1,-1,-1,-1,-1,0,10,-1,1,1,3,-1,-1,-1,0,0,1,0,0,10,0,0,0,16.83
1,0,0,0,-1,0,1,5,0,0,0,0,1,0,-1,-1,2,1,-1,-1,-1,3,0,-1,800,0,9223372036800000000,1e+75,0,10,0,0,7,0,0,1,0,0,1,1,0,0,0,0,0,0,2,0,1,-1,-1,-1,-1,0,10,-1,1,1,3,-1,-1,-1,0,0,1,0,0,10,0,0,0,22.44
1,0,0,0,-1,0,1,5,0,0,0,0,1,0,-1,-1,2,2,-1,2,-1,3,0,-1,800,0,9223372036800000000,60,0,10,0,0,7,0,0,1,0,0,1,1,0,0,0,0,0,0,2,0,1,-1,-1,-1,-1,0,10,-1,1,1,3,-1,-1,-1,0,0,1,0,0,10,0,0,0,15.71
1,0,0,0,-1,0,1,5,0,0,0,0,1,0,-1,-1,2,1,-1,2,-1,3,0,-1,800,0,9223372036800000000,1e+75,0,10,0,0,7,0,0,1,0,0,1,1,0,0,0,0,0,0,2,0,1,-1,-1,-1,-1,0,10,-1,1,1,3,-1,-1,-1,0,0,1,0,0,10,0,0,0,16.64
1,0,0,0,-1,0,1,5,0,0,0,0,1,-1,-1,2,2,1,-1,2,-1,3,0,-1,800,0,9223372036800000000,60,0,10,0,0,7,0,0,1,0,0,1,1,0,0,0,0,0,0,2,0,1,-1,-1,-1,-1,0,10,-1,1,1,3,-1,-1,-1,0,0,1,0,0,10,0,0,0,15.97
1,0,0,0,-1,0,1,5,0,0,0,0,1,0,-1,2,2,1,-1,2,-1,3,0,-1,800,0,9223372036800000000,60,0,10,0,0,2,0,0,1,0,0,1,1,0,0,0,0,0,0,2,0,1,-1,-1,-1,-1,0,10,-1,1,1,3,-1,-1,-1,0,0,1,0,0,10,0,0,0,15.34
1,0,0,0,-1,0,1,5,0,0,0,0,1,0,-1,-1,2,1,-1,1,-1,3,0,-1,800,0,9223372036800000000,1e+75,0,10,0,0,7,0,0,1,0,0,1,1,0,0,0,0,0,0,2,0,1,-1,-1,-1,-1,0,10,-1,1,1,3,-1,-1,-1,0,0,1,0,0,10,0,0,0,22.44
1,0,0,0,-1,0,1,5,0,0,0,0,1,0,-1,-1,2,1,-1,-1,-1,3,0,-1,800,0,9223372036800000000,120,0,10,0,0,7,0,0,1,0,0,2,1,0,0,0,0,0,0,2,0,1,-1,-1,-1,-1,0,10,-1,1,1,3,-1,-1,-1,0,0,1,0,0,10,0,0,0,7.94
1,0,0,0,-1,0,1,5,0,0,0,0,-1,0,-1,-1,2,1,-1,2,-1,3,0,-1,800,0,9223372036800000000,1e+75,0,10,0,0,7,0,0,1,0,0,1,1,0,0,0,0,0,0,2,0,1,-1,-1,-1,-1,0,10,-1,1,1,3,-1,-1,-1,0,0,1,0,0,10,0,0,0,20.7
1,0,0,0,-1,0,1,3,0,0,0,0,1,0,-1,-1,2,1,-1,2,-1,3,0,-1,800,0,9223372036800000000,1e+75,0,10,0,0,7,0,0,1,0,0,1,1,0,0,0,0,0,0,2,0,1,-1,-1,-1,-1,0,10,-1,1,1,3,-1,-1,-1,0,0,1,0,0,10,0,0,0,21.98
1,0,0,0,-1,0,1,5,0,0,0,0,1,0,-1,2,2,1,-1,2,-1,3,0,-1,800,0,9223372036800000000,60,0,10,0,0,10,0,0,1,0,0,1,1,0,0,0,0,0,0,2,0,1,-1,-1,-1,-1,0,10,-1,1,1,3,-1,-1,-1,0,0,1,0,0,10,0,0,0,15.18
1,0,0,0,-1,0,1,5,0,0,0,0,1,0,2,-1,2,1,-1,2,-1,3,0,-1,800,0,9223372036800000000,60,0,10,0,0,7,0,0,1,0,0,1,1,0,0,0,0,0,0,2,0,1,-1,-1,-1,-1,0,10,-1,1,1,3,-1,-1,-1,0,0,1,0,0,10,0,0,0,13.31
1,0,0,0,-1,0,1,5,0,0,0,0,1,0,-1,2,2,1,-1,2,-1,3,0,-1,800,0,9223372036800000000,60,0,10,0,0,7,0,0,1,0,0,1,1,0,0,0,0,0,1,2,0,1,-1,-1,-1,-1,0,10,-1,1,1,3,-1,-1,-1,0,0,1,0,0,10,0,0,0,20.75
1,0,0,0,-1,0,1,5,0,0,0,0,1,0,-1,-1,2,1,2,2,-1,3,0,-1,800,0,9223372036800000000,1e+75,0,10,0,0,7,0,0,1,0,0,1,1,0,0,0,0,0,0,2,0,1,-1,-1,-1,-1,0,10,-1,1,1,3,-1,-1,-1,0,0,1,0,0,10,0,0,0,18.43
1,0,0,0,-1,0,1,1,0,0,0,0,1,0,-1,-1,2,1,-1,2,-1,3,0,-1,10,0,9223372036800000000,1e+75,0,10,0,0,7,0,0,1,0,0,1,1,0,0,0,0,0,0,2,0,1,-1,-1,-1,-1,0,10,-1,1,1,3,-1,-1,-1,0,0,1,0,0,10,0,0,0,20.27
1,0,0,0,-1,0,1,5,0,0,0,0,1,0,-1,-1,2,1,-1,2,1,3,0,-1,800,0,9223372036800000000,1e+75,0,10,0,0,7,0,0,1,0,0,1,1,0,0,0,0,0,0,2,0,1,-1,-1,-1,-1,0,10,-1,1,1,3,-1,-1,-1,0,0,1,0,0,10,0,0,0,16.64
1,0,0,0,-1,0,1,5,0,0,0,0,1,0,-1,-1,2,1,-1,1,-1,3,0,-1,800,0,9223372036800000000,60,0,10,0,0,7,0,0,1,0,0,1,1,0,0,0,0,0,0,2,0,1,-1,-1,-1,-1,0,10,-1,1,1,3,-1,-1,-1,0,0,1,0,0,10,0,0,0,22.44
1,0,0,0,-1,0,1,5,0,0,0,0,1,0,-1,-1,2,1,-1,2,0,3,0,-1,800,0,9223372036800000000,60,0,10,0,0,7,0,0,1,0,0,1,1,0,0,0,0,0,0,2,0,1,-1,-1,-1,-1,0,10,-1,1,1,3,-1,-1,-1,0,0,1,0,0,10,0,0,0,13.35
1,0,0,0,-1,0,1,5,0,0,0,0,1,0,-1,-1,2,1,-1,2,-1,3,0,-1,800,0,9223372036800000000,1e+75,0,10,0,0,7,0,0,1,0,0,1,1,0,-1,0,0,0,0,2,0,1,-1,-1,-1,-1,0,10,-1,1,1,3,-1,-1,-1,0,0,1,0,0,10,0,0,0,20.54
1,0,0,0,-1,0,1,5,0,0,0,0,1,0,-1,2,2,1,-1,2,-1,3,0,-1,800,0,9223372036800000000,60,0,10,0,0,7,0,0,1,0,0,1,1,0,0,0,0,0,4,2,0,1,-1,-1,-1,-1,0,10,-1,1,1,3,-1,-1,-1,0,0,1,0,0,10,0,0,0,15.05
1,0,0,0,-1,0,1,5,0,0,0,0,1,0,-1,-1,2,1,-1,2,-1,3,0,-1,800,0,9223372036800000000,1e+75,0,10,0,0,7,0,0,1,0,0,1,1,0,1,0,0,0,0,2,0,1,-1,-1,-1,-1,0,10,-1,1,1,3,-1,-1,-1,0,0,1,0,0,10,0,0,0,17.62
1,0,0,0,-1,0,1,5,0,0,0,0,1,0,-1,2,2,1,-1,2,-1,3,0,-1,800,0,9223372036800000000,60,0,10,0,0,7,0,1,1,0,0,3,1,0,0,0,0,0,0,2,0,1,-1,-1,-1,-1,0,10,-1,1,1,3,-1,-1,-1,0,0,1,0,0,10,0,0,0,10.75
1,0,0,0,-1,0,1,5,0,0,0,0,1,0,-1,-1,2,1,-1,2,-1,3,0,-1,800,0,9223372036800000000,50,0,10,0,0,7,0,0,1,0,0,1,1,0,0,0,0,0,0,2,0,1,-1,-1,-1,-1,0,10,-1,1,1,3,-1,-1,-1,0,0,1,0,0,10,0,0,0,17.62
1,0,0,0,-1,0,1,5,0,0,0,0,1,0,-1,-1,2,1,-1,2,-1,3,0,-1,800,0,9223372036800000000,60,0,10,0,0,7,0,0,1,0,0,1,1,0,0,0,0,0,0,2,0,1,-1,-1,-1,-1,0,10,-1,1,1,3,-1,-1,-1,0,0,1,0,0,10,0,0,0,14.97
1,0,0,0,-1,0,1,0,0,0,0,0,2,0,2,0,0,0,0,2,0,3,0,-1,200,0,9223372036800000000,1e+75,0,10,0,0,7,0,0,1,0,0,1,1,0,0,0,0,0,0,2,0,1,-1,-1,-1,-1,0,10,-1,1,1,3,-1,-1,-1,0,0,1,0,0,10,0,0,0,20.2
1,0,0,0,-1,0,1,5,0,0,0,0,1,1,-1,2,2,1,-1,2,-1,3,0,-1,800,0,9223372036800000000,60,0,10,0,0,7,0,0,1,0,0,1,1,0,0,0,0,0,0,2,0,1,-1,-1,-1,-1,0,10,-1,1,1,3,-1,-1,-1,0,0,1,0,0,10,0,0,0,17.01
1,0,0,0,-1,0,1,5,0,0,0,0,2,0,0,0,0,2,0,2,0,3,0,-1,200,0,9223372036800000000,1e+75,0,10,0,0,7,0,0,1,0,0,1,1,0,0,0,0,0,0,2,0,1,-1,-1,-1,-1,0,10,-1,1,1,3,-1,-1,-1,0,0,1,0,0,10,0,0,0,17.96
1,0,0,0,-1,0,1,5,0,0,0,0,1,0,-1,2,2,2,-1,2,-1,3,0,-1,800,0,9223372036800000000,60,0,10,0,0,7,0,0,1,0,0,1,1,0,0,0,0,0,0,2,0,1,-1,-1,-1,-1,0,10,-1,1,1,3,-1,-1,-1,0,0,1,0,0,10,0,0,0,15.55
1,0,0,0,-1,0,1,5,0,0,0,0,-1,0,-1,2,2,1,-1,2,-1,3,0,-1,800,0,9223372036800000000,60,0,10,0,0,7,0,0,1,0,0,1,1,0,0,0,0,0,0,2,0,1,-1,-1,-1,-1,0,10,-1,1,1,3,-1,-1,-1,0,0,1,0,0,10,0,0,0,16.49
1,0,0,0,-1,0,1,5,0,0,0,0,1,0,3,-1,2,1,-1,2,-1,3,0,-1,800,0,9223372036800000000,60,0,10,0,0,7,0,0,1,0,0,1,1,0,0,0,0,0,0,2,0,1,-1,-1,-1,-1,0,10,-1,1,1,3,-1,-1,-1,0,0,1,0,0,10,0,0,0,13.66
1,0,0,0,-1,0,1,5,0,0,0,0,1,0,-1,2,2,1,-1,2,-1,3,0,-1,800,0,9223372036800000000,60,0,10,0,0,15,0,0,1,0,0,1,1,0,0,0,0,0,0,2,0,1,-1,-1,-1,-1,0,10,-1,1,1,3,-1,-1,-1,0,0,1,0,0,10,0,0,0,15.34
1,0,0,0,-1,0,1,5,0,0,0,0,1,2,-1,2,2,1,-1,2,-1,3,0,-1,800,0,9223372036800000000,60,0,10,0,0,7,0,0,1,0,0,1,1,0,0,0,0,0,0,2,0,1,-1,-1,-1,-1,0,10,-1,1,1,3,-1,-1,-1,0,0,1,0,0,10,0,0,0,15.05
1,0,0,0,-1,0,1,5,0,0,0,0,1,3,-1,2,2,1,-1,2,-1,3,0,-1,800,0,9223372036800000000,60,0,10,0,0,7,0,0,1,0,0,1,1,0,0,0,0,0,0,2,0,1,-1,-1,-1,-1,0,10,-1,1,1,3,-1,-1,-1,0,0,1,0,0,10,0,0,0,15.05
