1,0,0,0,-1,0,1,2,0,0,0,0,-1,0,0,0,0,0,0,0,0,3,0,-1,50,0,9223372036800000000,1e+75,0,10,0,0,7,0,0,1,0,0,1,1,0,0,0,0,0,0,2,0,1,-1,-1,-1,-1,0,10,-1,1,1,3,-1,-1,-1,0,0,0,0,0,10,0,0,0,8.74
1,0,0,0,-1,0,1,2,0,0,0,0,-1,0,0,0,0,0,0,0,0,3,0,-1,50,0,9223372036800000000,1e+75,0,10,0,0,7,0,0,1,0,0,1,1,0,0,0,0,0,0,2,0,1,-1,-1,-1,-1,0,10,-1,1,1,3,-1,-1,-1,0,0,-1,0,0,10,0,0,0,8.74
1,0,0,0,-1,0,1,2,0,0,0,0,-1,0,0,0,0,0,0,0,0,3,0,-1,50,0,9223372036800000000,1e+75,0,10,0,0,7,0,0,1,0,0,1,1,0,0,0,0,0,0,2,0,1,-1,-1,1,-1,0,10,-1,1,1,3,-1,-1,-1,0,0,1,0,0,10,0,0,0,8.74
1,0,0,0,-1,0,1,2,0,0,0,0,-1,0,0,0,0,0,0,0,0,3,0,-1,50,0,9223372036800000000,1e+75,0,10,0,0,7,0,0,1,0,0,1,1,0,0,0,0,0,0,2,0,1,-1,-1,0,-1,0,10,-1,1,1,3,-1,-1,-1,0,0,1,0,0,10,0,0,0,20.48
1,0,0,0,-1,0,1,2,0,0,0,0,-1,0,0,0,0,0,0,0,0,3,0,-1,50,0,9223372036800000000,1e+75,0,10,0,0,7,0,0,1,0,0,1,1,0,0,0,0,0,0,2,0,1,-1,1,-1,-1,0,10,-1,1,1,3,-1,-1,-1,0,0,1,0,0,10,0,0,0,25.51
1,0,0,0,-1,0,3,2,0,0,0,0,-1,0,0,0,0,0,0,0,0,3,0,-1,50,0,9223372036800000000,1e+75,0,10,0,0,7,0,0,1,0,0,1,1,0,0,0,0,0,0,2,0,1,-1,-1,-1,-1,0,10,-1,1,1,3,-1,-1,-1,0,0,1,0,0,10,0,0,0,8.74
1,0,0,0,-1,0,2,2,0,0,0,0,-1,0,0,0,0,0,0,0,0,3,0,-1,50,0,9223372036800000000,1e+75,0,10,0,0,7,0,0,1,0,0,1,1,0,0,0,0,0,0,2,0,1,-1,-1,-1,-1,0,10,-1,1,1,3,-1,-1,-1,0,0,1,0,0,10,0,0,0,8.74
1,0,0,0,-1,2,1,2,0,0,0,0,-1,0,0,0,0,0,0,0,0,3,0,-1,50,0,9223372036800000000,1e+75,0,10,0,0,7,0,0,1,0,0,1,1,0,0,0,0,0,0,2,0,1,-1,-1,-1,-1,0,10,-1,1,1,3,-1,-1,-1,0,0,1,0,0,10,0,0,0,8.74
1,0,0,0,-1,1,1,2,0,0,0,0,-1,0,0,0,0,0,0,0,0,3,0,-1,50,0,9223372036800000000,1e+75,0,10,0,0,7,0,0,1,0,0,1,1,0,0,0,0,0,0,2,0,1,-1,-1,-1,-1,0,10,-1,1,1,3,-1,-1,-1,0,0,1,0,0,10,0,0,0,8.74
1,0,0,1,-1,0,1,2,0,0,0,0,-1,0,0,0,0,0,0,0,0,3,0,-1,50,0,9223372036800000000,1e+75,0,10,0,0,7,0,0,1,0,0,1,1,0,0,0,0,0,0,2,0,1,-1,-1,-1,-1,0,10,-1,1,1,3,-1,-1,-1,0,0,1,0,0,10,0,0,0,8.74
1,0,0,0,-1,0,1,2,0,0,0,0,-1,0,0,0,0,0,0,0,0,3,0,-1,50,0,9223372036800000000,1e+75,0,10,0,0,7,0,0,1,0,0,1,1,0,0,0,0,0,0,2,0,1,-1,-1,-1,-1,0,40,-1,1,1,3,-1,-1,-1,0,0,1,0,0,10,0,0,0,8.74
1,0,0,0,-1,0,1,2,0,0,0,0,-1,0,0,0,0,0,0,0,0,3,0,-1,50,0,9223372036800000000,1e+75,0,10,0,0,7,0,0,1,0,0,1,1,0,0,0,0,0,0,2,0,1,-1,-1,-1,-1,0,5,-1,1,1,3,-1,-1,-1,0,0,1,0,0,10,0,0,0,8.74
1,0,0,0,-1,0,1,2,0,0,0,0,-1,0,0,0,0,0,0,0,0,10,0,-1,50,0,9223372036800000000,1e+75,0,10,0,0,7,0,0,1,0,0,1,1,0,0,0,0,0,0,2,0,1,-1,-1,-1,-1,0,10,-1,1,1,3,-1,-1,-1,0,0,1,0,0,10,0,0,0,8.74
1,0,0,0,-1,0,1,2,0,0,0,0,-1,0,0,0,0,0,0,0,0,5,0,-1,50,0,9223372036800000000,1e+75,0,10,0,0,7,0,0,1,0,0,1,1,0,0,0,0,0,0,2,0,1,-1,-1,-1,-1,0,10,-1,1,1,3,-1,-1,-1,0,0,1,0,0,10,0,0,0,8.74
1,0,0,0,-1,0,1,2,0,0,0,0,-1,0,0,0,0,0,0,0,0,2,0,-1,50,0,9223372036800000000,1e+75,0,10,0,0,7,0,0,1,0,0,1,1,0,0,0,0,0,0,2,0,1,-1,-1,-1,-1,0,10,-1,1,1,3,-1,-1,-1,0,0,1,0,0,10,0,0,0,9.05
1,0,0,0,-1,0,1,2,0,0,0,0,-1,0,0,0,0,0,0,0,0,1,0,-1,50,0,9223372036800000000,1e+75,0,10,0,0,7,0,0,1,0,0,1,1,0,0,0,0,0,0,2,0,1,-1,-1,-1,-1,0,10,-1,1,1,3,-1,-1,-1,0,0,1,0,0,10,0,0,0,8.74
2,0,0,0,-1,0,1,2,0,0,0,0,-1,0,0,0,0,0,0,0,0,3,0,-1,50,0,9223372036800000000,1e+75,0,10,0,0,7,0,0,1,0,0,1,1,0,0,0,0,0,0,2,0,1,-1,-1,-1,-1,0,10,-1,1,1,3,-1,-1,-1,0,0,1,0,0,10,0,0,0,8.74
0,0,0,0,-1,0,1,2,0,0,0,0,-1,0,0,0,0,0,0,0,0,3,0,-1,50,0,9223372036800000000,1e+75,0,10,0,0,7,0,0,1,0,0,1,1,0,0,0,0,0,0,2,0,1,-1,-1,-1,-1,0,10,-1,1,1,3,-1,-1,-1,0,0,1,0,0,10,0,0,0,8.74
1,0,0,0,-1,0,1,2,0,0,0,0,-1,0,0,0,0,0,0,0,0,3,0,-1,50,0,9223372036800000000,1e+75,0,10,0,0,7,0,0,1,0,0,1,1,0,0,0,0,0,0,2,0,1,-1,-1,2,-1,0,10,-1,1,1,3,-1,-1,-1,0,0,1,0,0,10,0,0,0,8.74
1,0,0,0,-1,0,1,2,0,0,0,0,-1,0,0,0,0,0,0,0,0,3,0,-1,50,0,9223372036800000000,1e+75,0,10,0,0,7,0,0,1,0,0,1,1,0,0,0,0,0,0,2,0,1,-1,-1,-1,-1,0,10,-1,1,1,3,-1,-1,-1,0,0,1,0,0,10,3,0,0,8.74
1,0,0,0,-1,0,1,2,0,0,0,0,-1,0,0,0,0,0,0,0,0,3,0,-1,50,0,9223372036800000000,1e+75,0,10,0,0,7,0,0,1,0,0,1,1,0,0,0,0,0,0,2,0,1,-1,-1,-1,-1,0,10,-1,1,1,3,-1,-1,-1,0,0,1,0,0,10,2,0,0,19.63
1,0,0,0,-1,0,1,2,0,0,0,0,0,0,0,0,0,0,0,0,0,3,0,-1,400,0,9223372036800000000,1e+75,0,10,0,0,7,0,0,1,0,0,1,1,0,0,0,0,0,0,2,0,1,-1,-1,-1,-1,0,10,-1,1,1,3,-1,-1,-1,0,0,1,0,0,10,0,0,0,7.98
1,0,0,0,-1,0,1,2,0,0,0,0,0,0,0,0,0,0,0,0,0,3,0,-1,50,0,9223372036800000000,1e+75,0,10,0,0,7,0,0,1,0,0,1,1,0,0,0,0,1,0,2,0,1,-1,-1,-1,-1,0,10,-1,1,1,3,-1,-1,-1,0,0,1,0,0,10,0,0,0,12.14
1,0,0,0,-1,0,1,2,0,0,0,0,0,0,0,0,0,0,0,0,0,3,0,-1,10,0,9223372036800000000,1e+75,0,10,0,0,7,0,0,1,0,0,1,1,0,0,0,0,0,0,2,0,1,-1,-1,-1,-1,0,10,-1,1,1,3,-1,-1,-1,0,0,1,0,0,10,0,0,0,8.84
1,0,0,0,-1,0,1,2,0,0,0,0,0,0,0,0,0,-1,0,0,0,3,0,-1,50,0,9223372036800000000,1e+75,0,10,0,0,7,0,0,1,0,0,1,1,0,0,0,0,0,0,2,0,1,-1,-1,-1,-1,0,10,-1,1,1,3,-1,-1,-1,0,0,1,0,0,10,0,0,0,8.61
1,0,0,0,-1,0,1,2,0,0,0,0,0,0,3,0,0,0,0,0,0,3,0,-1,50,0,9223372036800000000,1e+75,0,10,0,0,7,0,0,1,0,0,1,1,0,0,0,0,0,0,2,0,1,-1,-1,-1,-1,0,10,-1,1,1,3,-1,-1,-1,0,0,1,0,0,10,0,0,0,24.16
1,0,0,0,-1,0,1,3,0,0,0,0,0,0,0,0,0,0,0,0,0,3,0,-1,50,0,9223372036800000000,1e+75,0,10,0,0,7,0,0,1,0,0,1,1,0,0,0,0,0,0,2,0,1,-1,-1,-1,-1,0,10,-1,1,1,3,-1,-1,-1,0,0,1,0,0,10,0,0,0,1.79769e+308
1,0,0,0,-1,0,1,2,0,0,0,0,0,0,0,0,0,0,0,0,0,3,0,-1,10,0,9223372036800000000,1e+75,0,10,0,0,7,0,0,1,0,0,1,1,0,0,0,0,0,0,2,0,1,-1,-1,-1,-1,0,10,-1,1,1,3,-1,-1,-1,0,0,1,0,0,10,0,0,0,17.4
1,0,0,0,-1,0,1,2,0,0,0,0,0,0,0,0,0,0,0,0,0,3,0,-1,50,0,9223372036800000000,1e+75,0,10,0,0,7,0,0,1,0,0,1,1,3,0,0,0,0,0,2,0,1,-1,-1,-1,-1,0,10,-1,1,1,3,-1,-1,-1,0,0,1,0,0,10,0,0,0,11.15
1,0,0,0,-1,0,1,2,0,0,0,0,0,0,0,0,0,0,0,0,0,3,0,-1,200,0,9223372036800000000,1e+75,0,10,0,0,7,0,0,1,0,0,1,1,0,0,0,0,0,0,2,0,1,-1,-1,-1,-1,0,10,-1,1,1,3,-1,-1,-1,0,0,1,0,0,10,0,0,0,18.81
1,0,0,0,-1,0,1,2,0,0,0,0,0,0,0,0,0,2,0,0,0,3,0,-1,50,0,9223372036800000000,1e+75,0,10,0,0,7,0,0,1,0,0,1,1,0,0,0,0,0,0,2,0,1,-1,-1,-1,-1,0,10,-1,1,1,3,-1,-1,-1,0,0,1,0,0,10,0,0,0,7.98
1,0,0,0,-1,0,1,2,0,0,0,0,0,0,0,0,0,0,0,0,2,3,0,-1,50,0,9223372036800000000,1e+75,0,10,0,0,7,0,0,1,0,0,1,1,0,0,0,0,0,0,2,0,1,-1,-1,-1,-1,0,10,-1,1,1,3,-1,-1,-1,0,0,1,0,0,10,0,0,0,18.78
1,0,0,0,-1,0,1,2,0,0,0,0,0,0,0,0,0,0,0,0,0,3,0,-1,150,0,9223372036800000000,1e+75,0,10,0,0,7,0,0,1,0,0,1,1,0,0,0,0,0,0,2,0,1,-1,-1,-1,-1,0,10,-1,1,1,3,-1,-1,-1,0,0,1,0,0,10,0,0,0,18.81
1,0,0,0,-1,0,1,2,0,0,0,0,0,0,0,0,0,0,0,0,0,3,0,-1,50,0,9223372036800000000,1e+75,0,10,0,0,7,0,0,1,0,0,1,1,0,0,0,0,1,0,2,0,1,-1,-1,-1,-1,0,10,-1,1,1,3,-1,-1,-1,0,0,1,0,0,10,0,0,0,26.64
1,0,0,0,-1,0,1,2,0,0,0,0,0,0,0,0,0,2,0,0,0,3,0,-1,50,0,9223372036800000000,1e+75,0,10,0,0,7,0,0,1,0,0,1,1,0,0,0,0,0,0,2,0,1,-1,-1,-1,-1,0,10,-1,1,1,3,-1,-1,-1,0,0,1,0,0,10,0,0,0,19.03
1,0,0,0,-1,0,1,2,0,0,0,0,0,0,0,0,0,0,0,0,0,3,0,-1,50,0,9223372036800000000,1e+75,0,10,0,0,7,0,1,1,0,0,1,1,0,0,0,0,0,0,2,0,1,-1,-1,-1,-1,0,10,-1,1,1,3,-1,-1,-1,0,0,1,0,0,10,0,0,0,32.92
1,0,0,0,-1,0,1,2,0,0,0,0,0,0,0,0,1,0,0,0,0,3,0,-1,50,0,9223372036800000000,1e+75,0,10,0,0,7,0,0,1,0,0,1,1,0,0,0,0,0,0,2,0,1,-1,-1,-1,-1,0,10,-1,1,1,3,-1,-1,-1,0,0,1,0,0,10,0,0,0,18.78
1,0,0,0,-1,0,1,2,0,0,0,0,0,0,0,0,0,0,0,0,1,3,0,-1,50,0,9223372036800000000,1e+75,0,10,0,0,7,0,0,1,0,0,1,1,0,0,0,0,0,0,2,0,1,-1,-1,-1,-1,0,10,-1,1,1,3,-1,-1,-1,0,0,1,0,0,10,0,0,0,18.78
1,0,0,0,-1,0,1,2,0,0,0,0,0,0,0,0,0,0,0,0,0,3,0,-1,50,0,9223372036800000000,1e+75,0,10,0,0,7,0,0,1,0,0,1,1,0,0,0,0,0,0,2,0,1,-1,-1,-1,-1,1,10,-1,1,1,3,-1,-1,-1,0,0,1,0,0,10,0,0,0,21.46
1,0,0,0,-1,0,1,2,0,0,0,0,0,0,0,0,0,0,0,0,0,3,0,-1,50,0,9223372036800000000,1e+75,0,10,0,0,7,0,0,1,0,0,1,1,0,0,0,3,0,0,2,0,1,-1,-1,-1,-1,0,10,-1,1,1,3,-1,-1,-1,0,0,1,0,0,10,0,0,0,8.23
1,0,0,0,-1,0,1,2,0,0,0,0,-1,0,0,0,0,0,0,0,0,3,0,-1,50,0,9223372036800000000,1e+75,0,10,0,0,7,0,0,1,0,0,1,1,0,0,0,0,0,0,2,0,1,-1,-1,-1,-1,0,10,-1,1,1,3,-1,-1,-1,0,0,1,4,0,10,0,0,0,22.26
1,0,0,0,-1,0,1,2,0,0,0,0,-1,0,0,0,0,0,0,0,0,0,0,-1,50,0,9223372036800000000,1e+75,0,10,0,0,7,0,0,1,0,0,1,1,0,0,0,0,0,0,2,0,1,-1,-1,-1,-1,0,10,-1,1,1,3,-1,-1,-1,0,0,1,0,0,10,0,0,0,11.35
1,0,0,0,-1,0,1,2,0,0,0,0,0,0,0,0,0,0,0,0,0,3,0,-1,50,0,9223372036800000000,1e+75,0,10,0,0,7,0,0,1,0,0,0,1,0,0,0,0,0,0,2,0,1,-1,-1,-1,-1,0,10,-1,1,1,3,-1,-1,-1,0,0,1,0,0,10,0,0,0,34.14
1,0,0,0,-1,0,1,2,0,0,0,0,-1,0,0,0,0,0,0,0,0,3,0,-1,50,0,9223372036800000000,1e+75,0,10,0,0,7,0,0,1,0,0,1,1,0,0,0,0,0,0,2,0,1,-1,-1,-1,-1,0,10,-1,1,1,3,-1,-1,-1,0,0,1,3,0,10,0,0,0,19.05
1,0,0,0,-1,0,1,2,0,0,0,0,-1,0,0,0,0,0,0,0,0,3,0,-1,50,0,9223372036800000000,1e+75,0,10,0,0,7,0,0,1,0,0,1,1,0,0,0,0,0,0,2,0,1,-1,-1,-1,-1,0,10,-1,1,1,3,-1,-1,-1,0,0,1,1,0,10,0,0,0,19.16
1,0,0,0,-1,0,1,2,0,0,0,0,-1,0,0,0,0,0,0,0,0,3,0,-1,50,0,9223372036800000000,1e+75,0,10,0,0,7,0,0,1,0,0,1,1,0,0,0,0,5,0,2,0,1,-1,-1,-1,-1,0,10,-1,1,1,3,-1,-1,-1,0,0,1,0,0,10,0,0,0,1.79769e+308
1,0,0,0,-1,0,1,2,0,0,0,0,-1,0,0,0,0,0,0,0,0,3,0,-1,50,0,9223372036800000000,1e+75,0,10,0,0,7,0,0,1,0,0,1,1,0,0,0,0,4,0,2,0,1,-1,-1,-1,-1,0,10,-1,1,1,3,-1,-1,-1,0,0,1,0,0,10,0,0,0,1.79769e+308
1,0,0,0,-1,0,1,2,0,0,0,0,-1,0,0,0,0,0,0,0,0,3,0,-1,50,0,9223372036800000000,1e+75,0,10,0,0,7,0,0,1,0,0,1,1,0,0,0,0,2,0,2,0,1,-1,-1,-1,-1,0,10,-1,1,1,3,-1,-1,-1,0,0,1,0,0,10,0,0,0,8.74
1,0,0,0,-1,0,1,2,0,0,0,0,-1,0,0,0,0,0,0,0,0,3,0,-1,50,0,9223372036800000000,1e+75,0,10,0,0,7,0,0,1,0,0,1,1,0,0,0,6,0,0,2,0,1,-1,-1,-1,-1,0,10,-1,1,1,3,-1,-1,-1,0,0,1,0,0,10,0,0,0,9.17
1,0,0,0,-1,0,1,2,0,0,0,0,-1,0,0,0,0,0,0,0,0,3,0,-1,50,0,9223372036800000000,1e+75,0,10,0,0,7,0,0,1,0,0,1,1,0,0,0,5,0,0,2,0,1,-1,-1,-1,-1,0,10,-1,1,1,3,-1,-1,-1,0,0,1,0,0,10,0,0,0,31.62
1,0,0,0,-1,0,1,2,0,0,0,0,-1,0,0,0,0,0,0,0,0,3,0,-1,50,0,9223372036800000000,1e+75,0,10,0,0,7,0,0,1,0,0,1,1,0,0,0,0,3,0,2,0,1,-1,-1,-1,-1,0,10,-1,1,1,3,-1,-1,-1,0,0,1,0,0,10,0,0,0,23.04
1,0,0,0,-1,0,1,2,0,0,0,0,-1,0,0,0,0,0,0,0,0,3,0,-1,50,0,9223372036800000000,1e+75,0,10,0,0,7,0,0,1,0,0,1,1,0,0,0,4,0,0,2,0,1,-1,-1,-1,-1,0,10,-1,1,1,3,-1,-1,-1,0,0,1,0,0,10,0,0,0,12.77
1,0,0,0,-1,0,1,2,0,0,0,0,-1,0,0,0,0,0,0,0,0,3,0,-1,50,0,9223372036800000000,1e+75,0,10,0,0,7,0,0,1,0,0,1,1,0,0,0,3,0,0,2,0,1,-1,-1,-1,-1,0,10,-1,1,1,3,-1,-1,-1,0,0,1,0,0,10,0,0,0,17.73
1,0,0,0,-1,0,1,2,0,0,0,0,0,0,0,0,0,0,0,0,0,3,0,-1,800,0,9223372036800000000,1e+75,0,10,0,0,7,0,0,1,0,0,1,1,0,0,0,0,0,0,2,0,1,-1,-1,-1,-1,0,10,-1,1,1,3,-1,-1,-1,0,0,1,0,0,10,0,0,0,8.17
1,0,0,0,-1,0,1,2,0,0,0,0,-1,0,0,0,0,0,0,0,0,3,0,-1,50,0,9223372036800000000,1e+75,0,10,0,0,7,0,0,1,1000,0,1,1,0,0,0,0,0,0,2,0,1,-1,-1,-1,-1,0,10,-1,1,1,3,-1,-1,-1,0,0,1,0,0,10,0,0,0,20.15
1,0,0,0,-1,0,1,2,0,0,0,0,-1,0,0,0,0,0,0,0,0,3,0,-1,50,0,9223372036800000000,1e+75,0,10,0,0,7,0,0,1,500,0,1,1,0,0,0,0,0,0,2,0,1,-1,-1,-1,-1,0,10,-1,1,1,3,-1,-1,-1,0,0,1,0,0,10,0,0,0,20.15
1,0,0,0,-1,0,1,2,0,0,0,0,-1,0,0,0,0,0,0,0,0,3,0,-1,50,0,9223372036800000000,1e+75,0,10,0,0,7,0,0,1,100,0,1,1,0,0,0,0,0,0,2,0,1,-1,-1,-1,-1,0,10,-1,1,1,3,-1,-1,-1,0,0,1,0,0,10,0,0,0,17.77
1,0,0,0,-1,0,1,2,0,0,0,0,-1,0,0,0,0,0,0,0,0,3,0,-1,50,0,9223372036800000000,1e+75,0,10,0,0,7,0,0,1,40,0,1,1,0,0,0,0,0,0,2,0,1,-1,-1,-1,-1,0,10,-1,1,1,3,-1,-1,-1,0,0,1,0,0,10,0,0,0,16.57
1,0,0,0,-1,0,1,2,0,0,0,0,0,0,0,0,0,0,0,0,0,3,0,-1,25,0,9223372036800000000,1e+75,0,10,0,0,7,0,0,1,0,0,1,1,0,0,0,0,0,0,2,0,1,-1,-1,-1,-1,0,10,-1,1,1,3,-1,-1,-1,0,0,1,0,0,10,0,0,0,20.85
1,0,0,0,-1,0,1,2,0,0,0,0,-1,0,0,0,0,0,0,0,0,3,0,-1,50,0,9223372036800000000,1e+75,0,10,0,0,7,0,0,1,20,0,1,1,0,0,0,0,0,0,2,0,1,-1,-1,-1,-1,0,10,-1,1,1,3,-1,-1,-1,0,0,1,0,0,10,0,0,0,20.49
1,0,0,0,-1,0,1,2,0,0,0,0,-1,0,0,0,0,0,0,0,0,3,0,-1,50,0,9223372036800000000,1e+75,0,10,0,0,7,0,0,1,-1,0,1,1,0,0,0,0,0,0,2,0,1,-1,-1,-1,-1,0,10,-1,1,1,3,-1,-1,-1,0,0,1,0,0,10,0,0,0,23.76
1,0,0,0,-1,0,1,2,0,0,0,0,0,0,0,0,0,0,0,0,0,3,0,-1,50,0,9223372036800000000,1e+75,0,10,0,0,7,0,0,1,0,0,1,1,3,0,0,0,0,0,2,0,1,-1,-1,-1,-1,0,10,-1,1,1,3,-1,-1,-1,0,0,1,0,0,10,0,0,0,11.05
1,0,0,0,-1,0,1,2,0,0,0,0,-1,0,0,0,0,0,0,0,0,3,0,-1,50,0,9223372036800000000,1e+75,0,10,0,0,7,0,0,1,0,0,1,1,0,0,0,0,1,0,2,0,1,-1,-1,-1,-1,0,10,-1,1,1,3,-1,-1,-1,0,0,1,0,0,10,0,0,0,22.28
1,0,0,0,-1,0,1,2,0,0,0,0,-1,0,0,0,0,0,0,0,0,3,0,-1,50,0,9223372036800000000,1e+75,0,10,0,0,7,0,3,1,0,0,1,1,0,0,0,0,0,0,2,0,1,-1,-1,-1,-1,0,10,-1,1,1,3,-1,-1,-1,0,0,1,0,0,10,0,0,0,15.9
1,0,0,0,-1,0,1,2,0,0,0,0,-1,0,0,0,0,0,0,0,0,3,0,-1,50,0,9223372036800000000,1e+75,0,10,0,0,7,0,1,1,0,0,1,1,0,0,0,0,0,0,2,0,1,-1,-1,-1,-1,0,10,-1,1,1,3,-1,-1,-1,0,0,1,0,0,10,0,0,0,42.93
1,0,0,0,-1,0,1,1,0,0,0,0,-1,0,2,0,-1,1,1,2,-1,3,0,-1,800,0,9223372036800000000,1e+75,0,10,0,0,7,0,0,1,0,0,1,1,0,0,0,0,0,0,2,0,1,-1,-1,-1,-1,0,10,-1,1,1,3,-1,-1,-1,0,0,1,0,0,10,0,0,0,15.33
1,0,0,0,-1,0,1,2,0,0,0,0,-1,0,0,1,0,0,0,0,0,3,0,-1,50,0,9223372036800000000,1e+75,0,10,0,0,7,0,0,1,0,0,1,1,0,0,0,0,0,0,2,0,1,-1,-1,-1,-1,0,10,-1,1,1,3,-1,-1,-1,0,0,1,0,0,10,0,0,0,23.43
1,0,0,0,-1,0,1,2,0,0,0,0,-1,0,0,0,0,0,0,0,0,3,0,-1,50,0,9223372036800000000,1e+75,0,10,0,0,7,0,0,1,0,0,1,1,0,0,0,0,0,4,2,0,1,-1,-1,-1,-1,0,10,-1,1,1,3,-1,-1,-1,0,0,1,0,0,10,0,0,0,8.74
1,0,0,0,-1,0,1,2,0,0,0,0,-1,1,0,0,0,0,0,0,0,3,0,-1,50,0,9223372036800000000,1e+75,0,10,0,0,7,0,0,1,0,0,1,1,0,0,0,0,0,0,2,0,1,-1,-1,-1,-1,0,10,-1,1,1,3,-1,-1,-1,0,0,1,0,0,10,0,0,0,13.99
1,0,0,0,-1,0,1,2,0,0,0,0,-1,-1,0,0,0,0,0,0,0,3,0,-1,50,0,9223372036800000000,1e+75,0,10,0,0,7,0,0,1,0,0,1,1,0,0,0,0,0,0,2,0,1,-1,-1,-1,-1,0,10,-1,1,1,3,-1,-1,-1,0,0,1,0,0,10,0,0,0,15.9
1,0,0,0,-1,0,1,2,0,0,0,0,0,0,0,0,0,0,-1,0,0,3,0,-1,50,0,9223372036800000000,1e+75,0,10,0,0,7,0,0,1,0,0,1,1,0,0,0,0,0,0,2,0,1,-1,-1,-1,-1,0,10,-1,1,1,3,-1,-1,-1,0,0,1,0,0,10,0,0,0,7.77
1,0,0,0,-1,0,1,2,0,0,0,0,-1,0,0,0,0,0,0,0,0,3,0,-1,50,0,9223372036800000000,1e+75,0,10,0,0,7,0,0,1,0,1,1,1,0,0,0,0,0,0,2,0,1,-1,-1,-1,-1,0,10,-1,1,1,3,-1,-1,-1,0,0,1,0,0,10,0,0,0,12.07
1,0,0,0,-1,0,1,2,0,0,0,0,-1,0,0,0,0,0,0,0,0,3,0,-1,50,0,9223372036800000000,1e+75,0,10,0,0,7,0,0,1,0,0,1,1,0,3,0,0,0,0,2,0,1,-1,-1,-1,-1,0,10,-1,1,1,3,-1,-1,-1,0,0,1,0,0,10,0,0,0,12.26
1,0,0,0,-1,0,1,2,0,0,0,0,-1,0,0,0,0,0,0,0,0,3,0,-1,50,0,9223372036800000000,1e+75,0,10,0,0,7,0,0,1,0,0,1,1,0,0,20,0,0,0,2,0,1,-1,-1,-1,-1,0,10,-1,1,1,3,-1,-1,-1,0,0,1,0,0,10,0,0,0,11.77
1,0,0,0,-1,0,1,1,0,0,0,0,-1,0,2,0,0,-1,1,0,-1,3,0,-1,800,0,9223372036800000000,1e+75,0,10,0,0,7,0,0,1,0,0,1,1,0,0,0,0,0,0,2,0,1,-1,-1,-1,-1,0,10,-1,1,1,3,-1,-1,-1,0,0,1,0,0,10,0,0,0,18.13
1,0,0,0,-1,0,1,1,0,0,0,0,-1,0,2,0,0,1,1,2,-1,3,0,-1,800,0,9223372036800000000,1e+75,0,10,0,0,7,0,0,1,0,0,1,1,0,0,0,0,0,0,2,0,1,-1,-1,-1,-1,0,10,-1,1,1,3,-1,-1,-1,0,0,1,0,0,10,0,0,0,14.41
1,0,0,0,-1,0,1,2,0,0,0,0,-1,0,0,0,0,0,0,0,0,3,0,-1,50,0,9223372036800000000,1e+75,0,10,0,0,7,0,0,1,0,0,1,1,0,0,500,0,0,0,2,0,1,-1,-1,-1,-1,0,10,-1,1,1,3,-1,-1,-1,0,0,1,0,0,10,0,0,0,10.09
1,0,0,0,-1,0,1,4,0,0,0,0,-1,0,2,0,0,1,1,0,-1,3,0,-1,800,0,9223372036800000000,1e+75,0,10,0,0,7,0,0,1,0,0,1,1,0,0,0,0,0,0,2,0,1,-1,-1,-1,-1,0,10,-1,1,1,3,-1,-1,-1,0,0,1,0,0,10,0,0,0,19.32
1,0,0,0,-1,0,1,2,0,0,0,0,-1,0,0,0,0,0,0,0,0,3,0,-1,50,0,9223372036800000000,1e+75,0,10,0,0,7,0,0,1,0,0,1,1,0,0,0,0,0,0,2,0,1,-1,-1,3,-1,0,10,-1,1,1,3,-1,-1,-1,0,0,1,0,0,10,0,0,0,8.74
1,0,0,0,-1,0,1,2,0,0,0,0,-1,0,0,0,-1,0,0,0,0,3,0,-1,50,0,9223372036800000000,1e+75,0,10,0,0,7,0,0,1,0,0,1,1,0,0,0,0,0,0,2,0,1,-1,-1,-1,-1,0,10,-1,1,1,3,-1,-1,-1,0,0,1,0,0,10,0,0,0,9.15
1,0,0,0,-1,0,1,2,0,0,0,0,-1,0,0,0,0,0,1,0,0,3,0,-1,50,0,9223372036800000000,1e+75,0,10,0,0,7,0,0,1,0,0,1,1,0,0,0,0,0,0,2,0,1,-1,-1,-1,-1,0,10,-1,1,1,3,-1,-1,-1,0,0,1,0,0,10,0,0,0,18.58
1,0,0,0,-1,0,1,2,0,0,0,0,-1,0,0,0,0,0,0,0,0,3,0,-1,50,0,9223372036800000000,1e+75,0,10,0,0,7,0,0,1,0,0,0,1,0,0,0,0,0,0,2,0,1,-1,-1,-1,-1,0,10,-1,1,1,3,-1,-1,-1,0,0,1,0,0,10,0,0,0,42.93
1,0,0,0,-1,0,1,2,0,0,0,0,-1,0,0,0,0,0,0,0,0,3,0,-1,50,0,9223372036800000000,1e+75,0,10,0,0,7,0,0,1,0,0,1,1,0,0,0,0,0,0,2,0,1,-1,-1,-1,-1,0,10,-1,1,1,3,-1,-1,-1,0,0,1,5,0,10,0,0,0,13.05
1,0,0,0,-1,0,1,0,0,0,0,0,0,0,0,0,0,1,0,0,0,3,0,-1,200,0,9223372036800000000,1e+75,0,10,0,0,7,0,0,1,0,0,1,1,0,0,0,0,0,0,2,0,1,-1,-1,-1,-1,0,10,-1,1,1,3,-1,-1,-1,0,0,1,0,0,10,0,0,0,19.91
1,0,0,0,-1,0,1,2,0,0,0,0,-1,0,0,0,0,0,0,0,0,3,0,-1,50,0,9223372036800000000,1e+75,0,10,0,0,7,0,0,1,0,0,1,1,0,0,0,0,0,0,2,0,1,-1,-1,-1,-1,0,20,-1,1,1,3,-1,-1,-1,0,0,1,0,0,10,0,0,0,8.74
1,0,0,0,-1,0,1,1,0,0,0,0,-1,0,2,0,0,1,1,0,-1,3,0,-1,800,0,9223372036800000000,1e+75,0,10,0,0,7,0,0,1,0,0,1,1,0,0,0,0,0,0,2,0,1,-1,-1,-1,-1,0,10,-1,1,1,3,-1,-1,-1,0,0,1,0,0,10,0,0,0,11.6
1,0,0,0,-1,0,1,2,0,0,0,0,-1,3,0,0,0,0,0,0,0,3,0,-1,50,0,9223372036800000000,1e+75,0,10,0,0,7,0,0,1,0,0,1,1,0,0,0,0,0,0,2,0,1,-1,-1,-1,-1,0,10,-1,1,1,3,-1,-1,-1,0,0,1,0,0,10,0,0,0,9.37
1,0,0,0,-1,0,1,2,0,0,0,0,-1,0,0,0,0,0,0,0,0,3,0,-1,50,0,9223372036800000000,1e+75,0,10,0,0,7,0,0,1,0,0,1,1,0,0,0,0,0,0,2,0,1,-1,-1,-1,-1,0,10,-1,1,1,3,-1,-1,-1,0,0,1,0,0,10,0,0,0,8.74
1,0,0,0,-1,0,1,1,0,0,0,0,1,0,2,0,0,1,1,2,-1,3,0,-1,800,0,9223372036800000000,1e+75,0,10,0,0,7,0,0,1,0,0,1,1,0,0,0,0,0,0,2,0,1,-1,-1,-1,-1,0,10,-1,1,1,3,-1,-1,-1,0,0,1,0,0,10,0,0,0,16.27
1,0,0,0,-1,0,1,0,0,0,0,0,0,0,0,0,0,0,0,0,0,3,0,-1,25,0,9223372036800000000,1e+75,0,10,0,0,7,0,0,1,0,0,1,1,0,0,0,0,0,0,2,0,1,-1,-1,-1,-1,0,10,-1,1,1,3,-1,-1,-1,0,0,1,0,0,10,0,0,0,21.09
1,0,0,0,-1,0,1,2,0,0,0,0,0,0,0,0,0,0,0,0,-1,3,0,-1,50,0,9223372036800000000,1e+75,0,10,0,0,7,0,0,1,0,0,1,1,0,0,0,0,0,0,2,0,1,-1,-1,-1,-1,0,10,-1,1,1,3,-1,-1,-1,0,0,1,0,0,10,0,0,0,18.78
1,0,0,0,-1,0,1,0,0,0,0,0,0,0,0,0,0,0,0,0,0,3,0,-1,50,0,9223372036800000000,1e+75,0,10,0,0,7,0,0,1,0,0,1,1,0,0,0,0,0,0,2,0,1,-1,-1,-1,-1,0,10,-1,1,1,3,-1,-1,-1,0,0,1,0,0,10,0,0,0,19.21
1,0,0,0,-1,0,1,1,0,0,0,0,-1,0,2,0,2,1,1,0,-1,3,0,-1,800,0,9223372036800000000,1e+75,0,10,0,0,7,0,0,1,0,0,1,1,0,0,0,0,0,0,2,0,1,-1,-1,-1,-1,0,10,-1,1,1,3,-1,-1,-1,0,0,1,0,0,10,0,0,0,11.6
1,0,0,0,-1,0,1,2,0,0,0,0,0,0,0,0,0,0,0,0,0,3,0,-1,50,0,9223372036800000000,1e+75,0,10,0,0,7,0,0,1,0,0,1,1,0,0,0,0,0,0,2,0,1,-1,-1,-1,-1,0,10,-1,1,1,3,-1,-1,-1,0,0,1,0,0,10,0,0,0,18.78
1,0,0,0,-1,0,1,4,0,0,0,0,-1,0,0,0,0,0,0,0,0,3,0,-1,50,0,9223372036800000000,1e+75,0,10,0,0,7,0,0,1,0,0,1,1,0,0,0,0,0,0,2,0,1,-1,-1,-1,-1,0,10,-1,1,1,3,-1,-1,-1,0,0,1,0,0,10,0,0,0,14.5
1,0,0,0,-1,0,1,2,0,0,0,0,-1,0,0,0,0,0,0,0,0,3,0,-1,50,0,9223372036800000000,1e+75,0,10,0,0,7,0,0,1,0,0,1,1,0,0,0,0,0,1,2,0,1,-1,-1,-1,-1,0,10,-1,1,1,3,-1,-1,-1,0,0,1,0,0,10,0,0,0,36.87
1,0,0,0,-1,0,1,2,0,0,0,0,-1,0,0,0,0,0,0,0,0,3,0,-1,50,0,9223372036800000000,1e+75,0,10,0,0,7,-1,0,1,0,0,1,1,0,0,0,0,0,0,2,0,1,-1,-1,-1,-1,0,10,-1,1,1,3,-1,-1,-1,0,0,1,0,0,10,0,0,0,38.99
1,0,0,0,-1,0,1,0,0,0,0,0,1,0,0,0,0,0,0,0,0,3,0,-1,100,0,9223372036800000000,1e+75,0,10,0,0,7,0,0,1,0,0,1,1,0,0,0,0,0,0,2,0,1,-1,-1,-1,-1,0,10,-1,1,1,3,-1,-1,-1,0,0,1,0,0,10,0,0,0,19.74
1,0,0,0,-1,0,1,2,0,0,0,0,-1,0,0,0,0,0,0,0,0,3,0,-1,50,0,9223372036800000000,40,0,10,0,0,7,0,0,1,0,0,1,1,0,0,0,0,0,0,2,0,1,-1,-1,-1,-1,0,10,-1,1,1,3,-1,-1,-1,0,0,1,0,0,10,0,0,0,23.47
1,0,0,0,-1,0,1,1,0,0,0,0,-1,0,2,0,0,1,1,0,-1,3,0,-1,100,0,9223372036800000000,1e+75,0,10,0,0,7,0,0,1,0,0,1,1,0,0,0,0,0,0,2,0,1,-1,-1,-1,-1,0,10,-1,1,1,3,-1,-1,-1,0,0,1,0,0,10,0,0,0,11.6
1,0,0,0,-1,0,1,5,0,0,0,0,-1,0,0,0,0,0,0,0,0,3,0,-1,50,0,9223372036800000000,1e+75,0,10,0,0,7,0,0,1,0,0,1,1,0,0,0,0,0,0,2,0,1,-1,-1,-1,-1,0,10,-1,1,1,3,-1,-1,-1,0,0,1,0,0,10,0,0,0,18.04
1,0,0,0,-1,0,1,2,0,0,0,0,0,0,0,0,-1,0,0,0,0,3,0,-1,50,0,9223372036800000000,1e+75,0,10,0,0,7,0,0,1,0,0,1,1,0,0,0,0,0,0,2,0,1,-1,-1,-1,-1,0,10,-1,1,1,3,-1,-1,-1,0,0,1,0,0,10,0,0,0,7.73
1,0,0,0,-1,0,1,2,0,0,0,0,-1,0,0,0,0,0,0,0,0,3,0,-1,50,0,9223372036800000000,1e+75,0,10,0,0,7,0,0,1,0,0,1,1,0,0,0,0,0,0,2,0,1,-1,-1,-1,-1,0,10,-1,1,1,3,-1,-1,4,0,0,1,0,0,10,0,0,0,20.44
1,0,0,0,-1,0,1,2,0,0,0,0,-1,0,0,0,0,0,0,0,0,3,0,-1,50,0,9223372036800000000,1e+75,0,10,0,0,7,0,0,1,0,0,1,1,0,0,0,0,0,0,2,0,1,-1,0,-1,-1,0,10,-1,1,1,3,-1,-1,-1,0,0,1,0,0,10,0,0,0,13.62
1,0,0,0,-1,0,1,2,0,0,0,0,-1,0,0,0,0,0,0,0,0,3,0,-1,50,0,9223372036800000000,2,0,10,0,0,7,0,0,1,0,0,1,1,0,0,0,0,0,0,2,0,1,-1,-1,-1,-1,0,10,-1,1,1,3,-1,-1,-1,0,0,1,0,0,10,0,0,0,23.47
1,0,0,0,-1,0,1,0,0,0,0,0,0,0,0,0,0,0,0,0,0,3,0,-1,50,0,9223372036800000000,1e+75,0,10,0,0,7,0,0,1,0,0,1,1,0,0,0,0,0,0,2,0,1,-1,-1,-1,-1,0,10,-1,1,1,3,-1,-1,-1,0,0,1,0,0,10,0,0,0,8.01
1,0,0,0,-1,0,1,1,0,0,0,0,-1,0,2,0,0,1,1,0,-1,3,0,-1,400,0,9223372036800000000,1e+75,0,10,0,0,7,0,0,1,0,0,1,1,0,0,0,0,0,0,2,0,1,-1,-1,-1,-1,0,10,-1,1,1,3,-1,-1,-1,0,0,1,0,0,10,0,0,0,11.6
1,0,0,0,-1,0,1,2,0,0,0,0,-1,0,0,0,0,0,0,0,0,3,0,-1,50,0,9223372036800000000,1e+75,0,10,0,0,7,0,0,1,0,0,1,1,0,0,0,0,0,0,2,0,1,-1,-1,-1,-1,0,10,-1,1,1,3,-1,-1,-1,0,0,1,2,0,10,0,0,0,12.32
1,0,0,0,-1,0,1,2,0,0,0,0,-1,0,0,0,0,0,0,0,0,3,0,-1,50,0,9223372036800000000,1e+75,0,10,0,0,5,0,0,1,0,0,1,1,0,0,0,0,0,0,2,0,1,-1,-1,-1,-1,0,10,-1,1,1,3,-1,-1,-1,0,0,1,0,0,10,0,0,0,8.74
1,0,0,0,-1,0,1,1,0,0,0,0,-1,0,2,0,0,0,1,0,-1,3,0,-1,800,0,9223372036800000000,1e+75,0,10,0,0,7,0,0,1,0,0,1,1,0,0,0,0,0,0,2,0,1,-1,-1,-1,-1,0,10,-1,1,1,3,-1,-1,-1,0,0,1,0,0,10,0,0,0,18.97
1,0,0,0,-1,0,1,2,0,0,0,0,-1,0,0,0,0,0,-1,0,0,3,0,-1,50,0,9223372036800000000,1e+75,0,10,0,0,7,0,0,1,0,0,1,1,0,0,0,0,0,0,2,0,1,-1,-1,-1,-1,0,10,-1,1,1,3,-1,-1,-1,0,0,1,0,0,10,0,0,0,26.58
1,0,0,0,-1,0,1,2,0,0,0,0,0,0,0,0,0,0,0,0,0,3,0,-1,50,0,9223372036800000000,1e+75,0,10,0,0,7,0,0,1,0,0,1,1,-1,0,0,0,0,0,2,0,1,-1,-1,-1,-1,0,10,-1,1,1,3,-1,-1,-1,0,0,1,0,0,10,0,0,0,10.5
1,0,0,0,-1,0,1,2,0,0,0,0,-1,0,0,0,0,0,0,0,0,3,0,-1,50,0,9223372036800000000,1e+75,0,10,0,0,7,0,0,1,0,0,1,1,0,-1,0,0,0,0,2,0,1,-1,-1,-1,-1,0,10,-1,1,1,3,-1,-1,-1,0,0,1,0,0,10,0,0,0,20.77
1,0,0,0,-1,0,1,0,0,0,0,0,0,0,0,0,0,0,0,2,0,3,0,-1,100,0,9223372036800000000,1e+75,0,10,0,0,7,0,0,1,0,0,1,1,0,0,0,0,0,0,2,0,1,-1,-1,-1,-1,0,10,-1,1,1,3,-1,-1,-1,0,0,1,0,0,10,0,0,0,19.77
1,0,0,0,-1,0,1,2,0,0,0,0,0,0,0,0,0,0,0,0,0,3,0,-1,50,0,9223372036800000000,1e+75,0,10,0,0,7,0,0,1,0,0,1,1,0,0,0,5,0,0,2,0,1,-1,-1,-1,-1,0,10,-1,1,1,3,-1,-1,-1,0,0,1,0,0,10,0,0,0,10.44
1,0,0,0,-1,0,1,2,0,0,0,0,-1,0,0,0,0,0,0,0,0,3,0,-1,50,0,9223372036800000000,1e+75,0,10,0,0,7,0,0,1,0,0,1,1,1,0,0,0,0,0,2,0,1,-1,-1,-1,-1,0,10,-1,1,1,3,-1,-1,-1,0,0,1,0,0,10,0,0,0,19.22
1,0,0,0,-1,0,1,2,0,0,0,0,-1,0,0,0,0,0,0,0,0,3,0,-1,50,0,9223372036800000000,1e+75,0,10,0,0,7,0,0,1,0,0,1,1,0,0,0,0,0,3,2,0,1,-1,-1,-1,-1,0,10,-1,1,1,3,-1,-1,-1,0,0,1,0,0,10,0,0,0,13.07
1,0,0,0,-1,0,1,2,0,0,0,0,0,0,0,0,0,0,0,0,0,3,0,-1,50,0,9223372036800000000,1e+75,0,10,0,0,7,0,0,1,0,0,1,1,1,0,0,0,0,0,2,0,1,-1,-1,-1,-1,0,10,-1,1,1,3,-1,-1,-1,0,0,1,0,0,10,0,0,0,10.17
1,0,0,0,-1,0,1,2,0,0,0,0,-1,0,0,0,0,0,0,0,0,3,0,-1,50,0,9223372036800000000,1e+75,0,10,0,0,7,0,0,1,0,0,2,1,0,0,0,0,0,0,2,0,1,-1,-1,-1,-1,0,10,-1,1,1,3,-1,-1,-1,0,0,1,0,0,10,0,0,0,15.38
1,0,0,0,-1,0,1,2,0,0,0,0,-1,0,0,0,0,0,0,0,0,3,0,-1,50,0,9223372036800000000,1e+75,0,10,0,0,7,0,0,1,0,0,1,1,0,0,100,0,0,0,2,0,1,-1,-1,-1,-1,0,10,-1,1,1,3,-1,-1,-1,0,0,1,0,0,10,0,0,0,9.14
1,0,0,0,-1,0,1,2,0,0,0,0,-1,0,0,0,0,0,0,0,0,3,0,-1,50,0,9223372036800000000,1e+75,0,10,0,0,7,0,0,1,0,0,1,1,0,0,0,0,0,0,2,0,1,-1,-1,-1,-1,0,10,-1,1,1,3,-1,-1,2,0,0,1,0,0,10,0,0,0,23.83
1,0,0,0,-1,0,1,1,0,0,0,0,-1,0,2,0,0,1,1,1,-1,3,0,-1,800,0,9223372036800000000,1e+75,0,10,0,0,7,0,0,1,0,0,1,1,0,0,0,0,0,0,2,0,1,-1,-1,-1,-1,0,10,-1,1,1,3,-1,-1,-1,0,0,1,0,0,10,0,0,0,19.49
1,0,0,0,-1,0,1,2,0,0,0,0,-1,0,0,0,0,0,0,0,0,3,0,-1,50,0,9223372036800000000,1e+75,0,10,0,0,7,0,0,1,0,0,1,1,0,0,0,0,0,0,2,0,1,-1,-1,-1,-1,0,10,-1,1,1,3,-1,-1,-1,0,0,1,0,0,10,4,0,0,19.61
1,0,0,0,-1,0,1,2,0,0,0,0,-1,0,0,0,0,0,0,0,0,3,0,-1,50,0,9223372036800000000,1e+75,0,10,0,0,7,0,0,1,0,0,1,1,0,1,0,0,0,0,2,0,1,-1,-1,-1,-1,0,10,-1,1,1,3,-1,-1,-1,0,0,1,0,0,10,0,0,0,23.47
1,0,0,0,-1,0,1,2,0,0,0,0,-1,0,0,0,0,0,0,0,0,3,0,-1,50,0,9223372036800000000,1e+75,0,10,0,0,15,0,0,1,0,0,1,1,0,0,0,0,0,0,2,0,1,-1,-1,-1,-1,0,10,-1,1,1,3,-1,-1,-1,0,0,1,0,0,10,0,0,0,9.46
1,0,0,0,-1,0,1,0,0,0,0,0,0,0,0,0,1,0,0,0,0,3,0,-1,100,0,9223372036800000000,1e+75,0,10,0,0,7,0,0,1,0,0,1,1,0,0,0,0,0,0,2,0,1,-1,-1,-1,-1,0,10,-1,1,1,3,-1,-1,-1,0,0,1,0,0,10,0,0,0,19.4
1,0,0,0,-1,0,1,2,0,0,0,0,-1,0,0,0,0,0,0,0,0,3,0,-1,50,0,9223372036800000000,1e+75,0,10,0,0,7,0,0,1,0,0,1,1,0,0,0,2,0,0,2,0,1,-1,-1,-1,-1,0,10,-1,1,1,3,-1,-1,-1,0,0,1,0,0,10,0,0,0,27.88
1,0,0,0,-1,0,1,2,0,0,0,0,-1,0,-1,0,0,0,0,0,0,3,0,-1,50,0,9223372036800000000,1e+75,0,10,0,0,7,0,0,1,0,0,1,1,0,0,0,0,0,0,2,0,1,-1,-1,-1,-1,0,10,-1,1,1,3,-1,-1,-1,0,0,1,0,0,10,0,0,0,8.74
1,0,0,0,-1,0,1,0,0,0,0,0,0,0,0,0,2,0,0,0,0,3,0,-1,200,0,9223372036800000000,1e+75,0,10,0,0,7,0,0,1,0,0,1,1,0,0,0,0,0,0,2,0,1,-1,-1,-1,-1,0,10,-1,1,1,3,-1,-1,-1,0,0,1,0,0,10,0,0,0,20.2
1,0,0,0,-1,0,1,2,0,0,0,0,-1,0,0,0,0,0,0,0,0,3,0,-1,50,0,9223372036800000000,1e+75,0,10,0,0,7,0,0,1,0,0,1,1,0,0,1000,0,0,0,2,0,1,-1,-1,-1,-1,0,10,-1,1,1,3,-1,-1,-1,0,0,1,0,0,10,0,0,0,10.13
1,0,0,0,-1,0,1,2,0,0,0,0,-1,0,0,0,0,1,0,0,0,3,0,-1,50,0,9223372036800000000,1e+75,0,10,0,0,7,0,0,1,0,0,1,1,0,0,0,0,0,0,2,0,1,-1,-1,-1,-1,0,10,-1,1,1,3,-1,-1,-1,0,0,1,0,0,10,0,0,0,8.01
1,0,0,0,-1,0,1,2,0,0,0,0,-1,0,0,0,0,0,0,0,0,3,0,-1,50,0,9223372036800000000,1e+75,0,10,0,0,7,0,0,1,0,0,1,1,0,2,0,0,0,0,2,0,1,-1,-1,-1,-1,0,10,-1,1,1,3,-1,-1,-1,0,0,1,0,0,10,0,0,0,22.88
1,0,0,0,-1,0,1,2,0,0,0,0,-1,0,0,0,0,0,0,0,0,3,0,-1,50,0,9223372036800000000,1e+75,0,10,0,0,7,0,0,1,0,0,1,1,0,0,0,1,0,0,2,0,1,-1,-1,-1,-1,0,10,-1,1,1,3,-1,-1,-1,0,0,1,0,0,10,0,0,0,22.86
1,0,0,0,-1,0,1,2,0,0,0,0,-1,0,0,0,0,0,0,0,0,3,0,-1,50,0,9223372036800000000,60,0,10,0,0,7,0,0,1,0,0,1,1,0,0,0,0,0,0,2,0,1,-1,-1,-1,-1,0,10,-1,1,1,3,-1,-1,-1,0,0,1,0,0,10,0,0,0,23.47
1,0,0,0,-1,0,1,2,0,0,0,0,-1,0,0,0,0,0,0,0,0,3,0,-1,50,0,9223372036800000000,1e+75,0,10,0,0,30,0,0,1,0,0,1,1,0,0,0,0,0,0,2,0,1,-1,-1,-1,-1,0,10,-1,1,1,3,-1,-1,-1,0,0,1,0,0,10,0,0,0,8.74
1,0,0,0,-1,0,1,1,0,0,0,0,-1,0,0,0,0,0,0,0,0,3,0,-1,50,0,9223372036800000000,1e+75,0,10,0,0,7,0,0,1,0,0,1,1,0,0,0,0,0,0,2,0,1,-1,-1,-1,-1,0,10,-1,1,1,3,-1,-1,-1,0,0,1,0,0,10,0,0,0,26.29
1,0,0,0,-1,0,1,2,0,0,0,0,0,0,0,0,0,0,0,0,-1,3,0,-1,50,0,9223372036800000000,1e+75,0,10,0,0,7,0,0,1,0,0,1,1,0,0,0,0,0,0,2,0,1,-1,-1,-1,-1,0,10,-1,1,1,3,-1,-1,-1,0,0,1,0,0,10,0,0,0,7.58
1,0,0,0,-1,0,1,2,0,0,0,0,-1,0,0,0,0,0,0,0,0,3,0,-1,50,0,9223372036800000000,1e+75,0,10,0,0,7,0,0,1,0,0,1,1,0,0,0,0,0,2,2,0,1,-1,-1,-1,-1,0,10,-1,1,1,3,-1,-1,-1,0,0,1,0,0,10,0,0,0,1.79769e+308
1,0,0,0,-1,0,1,3,0,0,0,0,-1,0,0,0,0,0,0,0,0,3,0,-1,50,0,9223372036800000000,1e+75,0,10,0,0,7,0,0,1,0,0,1,1,0,0,0,0,0,0,2,0,1,-1,-1,-1,-1,0,10,-1,1,1,3,-1,-1,-1,0,0,1,0,0,10,0,0,0,1.79769e+308
1,0,0,0,-1,0,1,1,0,0,0,0,-1,0,2,0,0,1,1,2,-1,3,0,-1,100,0,9223372036800000000,1e+75,0,10,0,0,7,0,0,1,0,0,1,1,0,0,0,0,0,0,2,0,1,-1,-1,-1,-1,0,10,-1,1,1,3,-1,-1,-1,0,0,1,0,0,10,0,0,0,15.59
1,0,0,0,-1,0,1,2,0,0,0,0,0,0,0,0,0,0,0,0,0,3,0,-1,50,0,9223372036800000000,1e+75,0,10,0,0,7,-1,0,1,0,0,1,1,0,0,0,0,0,0,2,0,1,-1,-1,-1,-1,0,10,-1,1,1,3,-1,-1,-1,0,0,1,0,0,10,0,0,0,63.53
1,0,0,0,-1,0,1,0,0,0,0,0,0,0,0,0,0,0,0,0,0,3,0,-1,100,0,9223372036800000000,1e+75,0,10,0,0,7,0,0,1,0,0,1,1,0,0,0,0,0,0,2,0,1,-1,-1,-1,-1,0,10,-1,1,1,3,-1,-1,-1,0,0,1,0,0,10,0,0,0,19.4
1,0,0,0,-1,0,1,1,0,0,0,0,-1,0,2,0,1,1,1,2,-1,3,0,-1,800,0,9223372036800000000,1e+75,0,10,0,0,7,0,0,1,0,0,1,1,0,0,0,0,0,0,2,0,1,-1,-1,-1,-1,0,10,-1,1,1,3,-1,-1,-1,0,0,1,0,0,10,0,0,0,14.41
1,0,0,0,-1,0,1,2,0,0,0,0,-1,2,0,0,0,0,0,0,0,3,0,-1,50,0,9223372036800000000,1e+75,0,10,0,0,7,0,0,1,0,0,1,1,0,0,0,0,0,0,2,0,1,-1,-1,-1,-1,0,10,-1,1,1,3,-1,-1,-1,0,0,1,0,0,10,0,0,0,8.74
1,0,0,0,-1,0,1,2,0,0,0,0,-1,0,0,0,0,0,0,0,0,3,0,-1,50,0,9223372036800000000,0,0,10,0,0,7,0,0,1,0,0,1,1,0,0,0,0,0,0,2,0,1,-1,-1,-1,-1,0,10,-1,1,1,3,-1,-1,-1,0,0,1,0,0,10,0,0,0,15.46
1,0,0,0,-1,0,4,2,0,0,0,0,-1,0,0,0,0,0,0,0,0,3,0,-1,50,0,9223372036800000000,1e+75,0,10,0,0,7,0,0,1,0,0,1,1,0,0,0,0,0,0,2,0,1,-1,-1,-1,-1,0,10,-1,1,1,3,-1,-1,-1,0,0,1,0,0,10,0,0,0,8.74
1,0,0,0,-1,0,1,2,0,0,0,0,-1,0,0,0,0,0,0,0,0,3,0,-1,50,0,9223372036800000000,1,0,10,0,0,7,0,0,1,0,0,1,1,0,0,0,0,0,0,2,0,1,-1,-1,-1,-1,0,10,-1,1,1,3,-1,-1,-1,0,0,1,0,0,10,0,0,0,23.47
1,0,0,0,-1,0,1,2,0,0,0,0,-1,0,0,2,0,0,0,0,0,3,0,-1,50,0,9223372036800000000,1e+75,0,10,0,0,7,0,0,1,0,0,1,1,0,0,0,0,0,0,2,0,1,-1,-1,-1,-1,0,10,-1,1,1,3,-1,-1,-1,0,0,1,0,0,10,0,0,0,23.43
1,0,0,0,-1,0,1,2,0,0,0,0,-1,0,0,0,0,0,0,0,0,3,0,-1,50,0,9223372036800000000,10,0,10,0,0,7,0,0,1,0,0,1,1,0,0,0,0,0,0,2,0,1,-1,-1,-1,-1,0,10,-1,1,1,3,-1,-1,-1,0,0,1,0,0,10,0,0,0,23.47
1,0,0,0,-1,0,1,0,0,0,0,0,0,0,0,0,0,0,0,0,0,3,0,-1,200,0,9223372036800000000,1e+75,0,10,0,0,7,0,0,1,0,0,1,1,0,0,0,0,0,0,2,0,1,-1,-1,-1,-1,0,10,-1,1,1,3,-1,-1,-1,0,0,1,0,0,10,0,0,0,19.59
1,0,0,0,-1,0,1,2,0,0,0,0,-1,0,0,0,0,0,0,0,0,3,0,-1,50,0,9223372036800000000,20,0,10,0,0,7,0,0,1,0,0,1,1,0,0,0,0,0,0,2,0,1,-1,-1,-1,-1,0,10,-1,1,1,3,-1,-1,-1,0,0,1,0,0,10,0,0,0,23.47
1,0,0,0,-1,0,1,2,0,0,0,0,-1,0,2,0,0,1,1,2,-1,3,0,-1,800,0,9223372036800000000,1e+75,0,10,0,0,7,0,0,1,0,0,1,1,0,0,0,0,0,0,2,0,1,-1,-1,-1,-1,0,10,-1,1,1,3,-1,-1,-1,0,0,1,0,0,10,0,0,0,21.53
1,0,0,0,-1,0,1,2,0,0,0,0,-1,0,0,0,0,0,0,0,0,3,0,-1,50,0,9223372036800000000,1e+75,0,10,0,0,7,0,2,1,0,0,1,1,0,0,0,0,0,0,2,0,1,-1,-1,-1,-1,0,10,-1,1,1,3,-1,-1,-1,0,0,1,0,0,10,0,0,0,14.97
1,0,0,0,-1,0,1,2,0,0,0,0,-1,0,0,0,0,0,0,0,1,3,0,-1,50,0,9223372036800000000,1e+75,0,10,0,0,7,0,0,1,0,0,1,1,0,0,0,0,0,0,2,0,1,-1,-1,-1,-1,0,10,-1,1,1,3,-1,-1,-1,0,0,1,0,0,10,0,0,0,8.74
1,0,0,0,-1,0,1,2,0,0,0,0,-1,0,0,0,0,0,0,0,0,3,0,-1,50,0,9223372036800000000,30,0,10,0,0,7,0,0,1,0,0,1,1,0,0,0,0,0,0,2,0,1,-1,-1,-1,-1,0,10,-1,1,1,3,-1,-1,-1,0,0,1,0,0,10,0,0,0,23.47
1,0,0,0,-1,0,1,2,0,0,0,0,-1,0,0,0,0,0,0,0,0,3,0,-1,50,0,9223372036800000000,50,0,10,0,0,7,0,0,1,0,0,1,1,0,0,0,0,0,0,2,0,1,-1,-1,-1,-1,0,10,-1,1,1,3,-1,-1,-1,0,0,1,0,0,10,0,0,0,23.47
1,0,0,0,-1,0,1,2,0,0,0,0,-1,0,0,0,0,0,0,0,0,3,0,-1,50,0,9223372036800000000,120,0,10,0,0,7,0,0,1,0,0,1,1,0,0,0,0,0,0,2,0,1,-1,-1,-1,-1,0,10,-1,1,1,3,-1,-1,-1,0,0,1,0,0,10,0,0,0,23.47
1,0,0,0,-1,0,1,2,0,0,0,0,-1,0,0,0,0,0,0,0,0,3,0,-1,50,0,9223372036800000000,1e+75,0,10,0,0,7,0,0,1,0,0,1,1,0,0,0,0,0,0,2,0,1,-1,-1,-1,-1,0,2,-1,1,1,3,-1,-1,-1,0,0,1,0,0,10,0,0,0,8.74
1,0,0,0,-1,0,1,2,0,0,0,0,0,0,0,0,0,0,0,0,0,3,0,-1,50,0,9223372036800000000,1e+75,0,10,0,0,7,0,0,1,0,0,1,1,0,0,0,3,0,0,2,0,1,-1,-1,-1,-1,0,10,-1,1,1,3,-1,-1,-1,0,0,1,0,0,10,0,0,0,10.3
1,0,0,0,-1,0,1,2,0,0,0,0,-1,0,0,0,0,0,0,0,0,3,0,-1,50,0,9223372036800000000,240,0,10,0,0,7,0,0,1,0,0,1,1,0,0,0,0,0,0,2,0,1,-1,-1,-1,-1,0,10,-1,1,1,3,-1,-1,-1,0,0,1,0,0,10,0,0,0,23.47
1,0,0,0,-1,0,1,2,0,0,0,0,-1,0,0,0,0,0,0,0,0,3,0,-1,50,0,9223372036800000000,1e+75,0,10,0,0,7,0,0,1,0,0,1,1,0,0,0,0,0,0,2,0,1,-1,-1,-1,-1,0,10,-1,1,1,3,-1,-1,-1,0,0,1,0,0,10,-1,0,0,20.41
1,0,0,0,-1,0,1,1,0,0,0,0,-1,0,2,1,0,1,1,2,-1,3,0,-1,800,0,9223372036800000000,1e+75,0,10,0,0,7,0,0,1,0,0,1,1,0,0,0,0,0,0,2,0,1,-1,-1,-1,-1,0,10,-1,1,1,3,-1,-1,-1,0,0,1,0,0,10,0,0,0,15.59
1,0,0,0,-1,0,1,2,0,0,0,0,-1,0,0,0,0,0,0,0,0,3,0,-1,50,0,9223372036800000000,1e+75,0,10,0,0,7,0,0,1,0,0,1,1,0,0,-1,0,0,0,2,0,1,-1,-1,-1,-1,0,10,-1,1,1,3,-1,-1,-1,0,0,1,0,0,10,0,0,0,10.09
1,0,0,0,-1,0,1,1,0,0,0,0,-1,0,-1,0,0,1,1,0,-1,3,0,-1,800,0,9223372036800000000,1e+75,0,10,0,0,7,0,0,1,0,0,1,1,0,0,0,0,0,0,2,0,1,-1,-1,-1,-1,0,10,-1,1,1,3,-1,-1,-1,0,0,1,0,0,10,0,0,0,11.6
1,0,0,0,-1,0,1,2,0,0,0,0,-1,0,0,0,0,0,0,0,0,3,0,-1,50,0,9223372036800000000,1e+75,0,10,0,0,7,0,0,1,0,0,1,1,0,0,40,0,0,0,2,0,1,-1,-1,-1,-1,0,10,-1,1,1,3,-1,-1,-1,0,0,1,0,0,10,0,0,0,11.83
1,0,0,0,-1,0,1,2,0,0,0,0,-1,0,0,0,0,0,0,0,0,3,0,-1,50,0,9223372036800000000,1e+75,0,10,0,0,7,0,0,1,0,0,1,1,0,0,60,0,0,0,2,0,1,-1,-1,-1,-1,0,10,-1,1,1,3,-1,-1,-1,0,0,1,0,0,10,0,0,0,11.2
1,0,0,0,-1,0,1,1,0,0,0,0,-1,0,2,0,0,1,1,-1,-1,3,0,-1,800,0,9223372036800000000,1e+75,0,10,0,0,7,0,0,1,0,0,1,1,0,0,0,0,0,0,2,0,1,-1,-1,-1,-1,0,10,-1,1,1,3,-1,-1,-1,0,0,1,0,0,10,0,0,0,18.55
1,0,0,0,-1,0,1,2,0,0,0,0,-1,0,0,0,0,0,0,0,0,3,0,-1,50,0,9223372036800000000,1e+75,0,10,0,0,0,0,0,1,0,0,1,1,0,0,0,0,0,0,2,0,1,-1,-1,-1,-1,0,10,-1,1,1,3,-1,-1,-1,0,0,1,0,0,10,0,0,0,8.74
1,0,0,0,-1,0,1,2,0,0,0,0,-1,0,0,0,0,0,0,0,0,3,0,-1,50,0,9223372036800000000,1e+75,0,10,0,0,2,0,0,1,0,0,1,1,0,0,0,0,0,0,2,0,1,-1,-1,-1,-1,0,10,-1,1,1,3,-1,-1,-1,0,0,1,0,0,10,0,0,0,8.74
1,0,0,2,-1,0,1,2,0,0,0,0,-1,0,0,0,0,0,0,0,0,3,0,-1,50,0,9223372036800000000,1e+75,0,10,0,0,7,0,0,1,0,0,1,1,0,0,0,0,0,0,2,0,1,-1,-1,-1,-1,0,10,-1,1,1,3,-1,-1,-1,0,0,1,0,0,10,0,0,0,9.37
1,0,0,0,-1,0,1,2,0,0,0,0,-1,0,0,0,0,0,0,0,0,3,0,-1,50,0,9223372036800000000,1e+75,0,10,0,0,7,0,0,1,0,0,1,1,0,0,200,0,0,0,2,0,1,-1,-1,-1,-1,0,10,-1,1,1,3,-1,-1,-1,0,0,1,0,0,10,0,0,0,8.74
1,0,0,0,-1,0,1,2,0,0,0,0,-1,0,0,0,0,0,0,0,0,3,0,-1,50,0,9223372036800000000,1e+75,0,10,0,0,4,0,0,1,0,0,1,1,0,0,0,0,0,0,2,0,1,-1,-1,-1,-1,0,10,-1,1,1,3,-1,-1,-1,0,0,1,0,0,10,0,0,0,8.74
1,0,0,0,-1,0,1,2,0,0,0,0,-1,0,0,0,0,0,0,0,0,3,0,-1,50,0,9223372036800000000,1e+75,0,10,0,0,7,0,0,1,0,0,1,1,0,0,0,0,0,-1,2,0,1,-1,-1,-1,-1,0,10,-1,1,1,3,-1,-1,-1,0,0,1,0,0,10,0,0,0,21.53
1,0,0,0,-1,0,1,2,0,0,0,0,-1,0,0,0,0,0,0,0,0,3,0,-1,50,0,9223372036800000000,1e+75,0,10,0,0,7,0,0,1,0,0,1,1,0,0,0,0,0,0,2,0,1,-1,-1,-1,-1,0,10,-1,1,1,3,-1,-1,1,0,0,1,0,0,10,0,0,0,21.18
1,0,0,0,-1,0,1,2,0,0,0,0,-1,0,0,0,0,0,0,0,0,3,0,-1,50,0,9223372036800000000,1e+75,0,10,0,0,7,0,0,1,0,0,1,1,2,0,0,0,0,0,2,0,1,-1,-1,-1,-1,0,10,-1,1,1,3,-1,-1,-1,0,0,1,0,0,10,0,0,0,28.5
1,0,0,0,-1,0,1,2,0,0,0,0,-1,0,0,0,0,0,0,0,0,3,0,-1,50,0,9223372036800000000,1e+75,0,10,0,0,10,0,0,1,0,0,1,1,0,0,0,0,0,0,2,0,1,-1,-1,-1,-1,0,10,-1,1,1,3,-1,-1,-1,0,0,1,0,0,10,0,0,0,8.74
1,0,0,0,-1,0,1,2,0,0,0,0,-1,0,0,0,0,0,0,0,0,3,0,-1,50,0,9223372036800000000,1e+75,0,10,0,0,7,1,0,1,0,0,1,1,0,0,0,0,0,0,2,0,1,-1,-1,-1,-1,0,10,-1,1,1,3,-1,-1,-1,0,0,1,0,0,10,0,0,0,32.08
1,0,0,0,-1,0,1,2,0,0,0,0,-1,0,0,0,0,0,0,0,0,3,0,2,50,0,9223372036800000000,1e+75,0,10,0,0,7,0,0,1,0,0,1,1,0,0,0,0,0,0,2,0,1,-1,-1,-1,-1,0,10,-1,1,1,3,-1,-1,-1,0,0,1,0,0,10,0,0,0,8.74
1,0,0,0,-1,0,1,1,0,0,0,0,1,0,2,0,0,1,1,0,-1,3,0,-1,800,0,9223372036800000000,1e+75,0,10,0,0,7,0,0,1,0,0,1,1,0,0,0,0,0,0,2,0,1,-1,-1,-1,-1,0,10,-1,1,1,3,-1,-1,-1,0,0,1,0,0,10,0,0,0,12.81
1,0,0,0,-1,0,1,2,0,0,0,0,-1,0,0,0,0,0,0,0,-1,3,0,-1,50,0,9223372036800000000,1e+75,0,10,0,0,7,0,0,1,0,0,1,1,0,0,0,0,0,0,2,0,1,-1,-1,-1,-1,0,10,-1,1,1,3,-1,-1,-1,0,0,1,0,0,10,0,0,0,8.74
1,0,0,0,-1,0,1,2,0,0,0,0,-1,0,0,0,0,0,0,0,0,3,0,4,50,0,9223372036800000000,1e+75,0,10,0,0,7,0,0,1,0,0,1,1,0,0,0,0,0,0,2,0,1,-1,-1,-1,-1,0,10,-1,1,1,3,-1,-1,-1,0,0,1,0,0,10,0,0,0,8.74
1,0,0,0,-1,0,1,2,0,0,0,0,-1,0,0,0,0,0,0,0,0,3,0,8,50,0,9223372036800000000,1e+75,0,10,0,0,7,0,0,1,0,0,1,1,0,0,0,0,0,0,2,0,1,-1,-1,-1,-1,0,10,-1,1,1,3,-1,-1,-1,0,0,1,0,0,10,0,0,0,8.74
1,0,0,0,-1,0,1,1,0,0,0,0,-1,0,2,0,0,-1,1,2,-1,3,0,-1,800,0,9223372036800000000,1e+75,0,10,0,0,7,0,0,1,0,0,1,1,0,0,0,0,0,0,2,0,1,-1,-1,-1,-1,0,10,-1,1,1,3,-1,-1,-1,0,0,1,0,0,10,0,0,0,23.58
1,0,0,0,-1,0,1,2,0,0,0,0,-1,0,0,0,0,0,0,0,0,3,0,-1,50,0,9223372036800000000,1e+75,0,10,0,0,7,0,0,1,0,0,1,1,-1,0,0,0,0,0,2,0,1,-1,-1,-1,-1,0,10,-1,1,1,3,-1,-1,-1,0,0,1,0,0,10,0,0,0,26.07
1,0,0,0,-1,0,1,2,0,0,0,0,-1,0,0,0,0,0,0,0,0,3,0,16,50,0,9223372036800000000,1e+75,0,10,0,0,7,0,0,1,0,0,1,1,0,0,0,0,0,0,2,0,1,-1,-1,-1,-1,0,10,-1,1,1,3,-1,-1,-1,0,0,1,0,0,10,0,0,0,8.74
1,0,0,0,-1,0,1,2,0,0,0,0,-1,0,0,0,0,0,0,0,0,3,0,-1,50,0,9223372036800000000,5,0,10,0,0,7,0,0,1,0,0,1,1,0,0,0,0,0,0,2,0,1,-1,-1,-1,-1,0,10,-1,1,1,3,-1,-1,-1,0,0,1,0,0,10,0,0,0,23.47
1,0,0,0,-1,0,1,2,0,0,0,0,-1,0,2,0,0,0,0,0,0,3,0,-1,50,0,9223372036800000000,1e+75,0,10,0,0,7,0,0,1,0,0,1,1,0,0,0,0,0,0,2,0,1,-1,-1,-1,-1,0,10,-1,1,1,3,-1,-1,-1,0,0,1,0,0,10,0,0,0,8.74
1,0,0,0,-1,0,1,2,0,0,0,0,-1,0,0,0,0,0,0,-1,0,3,0,-1,50,0,9223372036800000000,1e+75,0,10,0,0,7,0,0,1,0,0,1,1,0,0,0,0,0,0,2,0,1,-1,-1,-1,-1,0,10,-1,1,1,3,-1,-1,-1,0,0,1,0,0,10,0,0,0,23.36
1,0,0,0,-1,0,1,2,0,0,0,0,-1,0,0,0,0,0,2,0,0,3,0,-1,50,0,9223372036800000000,1e+75,0,10,0,0,7,0,0,1,0,0,1,1,0,0,0,0,0,0,2,0,1,-1,-1,-1,-1,0,10,-1,1,1,3,-1,-1,-1,0,0,1,0,0,10,0,0,0,8.74
1,0,0,0,-1,0,1,2,0,0,0,0,0,0,3,0,0,0,0,0,0,3,0,-1,50,0,9223372036800000000,1e+75,0,10,0,0,7,0,0,1,0,0,1,1,0,0,0,0,0,0,2,0,1,-1,-1,-1,-1,0,10,-1,1,1,3,-1,-1,-1,0,0,1,0,0,10,0,0,0,10.29
1,0,0,0,-1,0,1,2,0,0,0,0,-1,0,0,0,0,0,0,0,0,3,0,-1,50,0,9223372036800000000,1e+75,0,10,0,0,7,0,0,1,0,0,1,1,0,0,0,0,0,0,2,0,1,-1,-1,-1,-1,0,10,-1,1,1,3,-1,-1,5,0,0,1,0,0,10,0,0,0,20.57
1,0,0,0,-1,0,1,2,0,0,0,0,-1,0,0,0,0,0,0,0,0,3,0,-1,150,0,9223372036800000000,1e+75,0,10,0,0,7,0,0,1,0,0,1,1,0,0,0,0,0,0,2,0,1,-1,-1,-1,-1,0,10,-1,1,1,3,-1,-1,-1,0,0,1,0,0,10,0,0,0,20.32
1,0,0,0,-1,0,1,2,0,0,0,0,-1,0,0,0,0,0,0,0,0,3,0,-1,200,0,9223372036800000000,1e+75,0,10,0,0,7,0,0,1,0,0,1,1,0,0,0,0,0,0,2,0,1,-1,-1,-1,-1,0,10,-1,1,1,3,-1,-1,-1,0,0,1,0,0,10,0,0,0,8.01
1,0,0,0,-1,0,1,2,0,0,0,0,-1,0,3,0,0,0,0,0,0,3,0,-1,50,0,9223372036800000000,1e+75,0,10,0,0,7,0,0,1,0,0,1,1,0,0,0,0,0,0,2,0,1,-1,-1,-1,-1,0,10,-1,1,1,3,-1,-1,-1,0,0,1,0,0,10,0,0,0,10.5
1,0,0,0,-1,0,1,1,0,0,0,0,3,0,2,0,0,1,1,2,-1,3,0,-1,800,0,9223372036800000000,1e+75,0,10,0,0,7,0,0,1,0,0,1,1,0,0,0,0,0,0,2,0,1,-1,-1,-1,-1,0,10,-1,1,1,3,-1,-1,-1,0,0,1,0,0,10,0,0,0,17.45
1,0,0,0,-1,0,1,2,0,0,0,0,-1,0,0,0,0,0,0,0,0,3,0,1,50,0,9223372036800000000,1e+75,0,10,0,0,7,0,0,1,0,0,1,1,0,0,0,0,0,0,2,0,1,-1,-1,-1,-1,0,10,-1,1,1,3,-1,-1,-1,0,0,1,0,0,10,0,0,0,27.21
1,0,0,0,-1,0,1,2,0,0,0,0,0,0,0,0,0,0,0,0,0,3,0,-1,50,0,9223372036800000000,1e+75,0,10,0,0,7,0,0,1,0,0,1,1,0,0,0,0,0,0,2,0,1,-1,-1,-1,-1,0,10,-1,1,1,3,-1,-1,-1,0,0,1,0,0,10,0,0,0,7.18
1,0,0,0,-1,0,1,3,0,0,0,0,0,0,0,0,0,0,0,0,0,3,0,-1,50,0,9223372036800000000,1e+75,0,10,0,0,7,0,0,1,0,0,1,1,0,0,0,0,0,0,2,0,1,-1,-1,-1,-1,0,10,-1,1,1,3,-1,-1,-1,0,0,1,0,0,10,0,0,0,8.56
1,0,0,0,-1,0,1,2,0,0,0,0,0,0,0,0,0,0,0,0,0,3,0,-1,50,0,9223372036800000000,1e+75,0,10,0,0,7,-1,0,1,0,0,1,1,0,0,0,0,0,0,2,0,1,-1,-1,-1,-1,0,10,-1,1,1,3,-1,-1,-1,0,0,1,0,0,10,0,0,0,8.16
1,0,0,0,-1,0,1,2,0,0,0,0,-1,0,0,0,0,0,0,0,0,3,0,-1,50,0,9223372036800000000,1e+75,0,10,0,0,7,0,0,1,0,0,3,1,0,0,0,0,0,0,2,0,1,-1,-1,-1,-1,0,10,-1,1,1,3,-1,-1,-1,0,0,1,0,0,10,0,0,0,8.88
1,0,0,0,-1,0,1,2,0,0,0,0,-1,0,0,0,0,0,0,0,0,3,0,-1,50,0,9223372036800000000,1e+75,0,10,0,0,7,0,0,1,0,0,1,1,0,0,0,0,0,0,2,0,1,-1,-1,-1,-1,0,10,-1,1,1,3,-1,-1,-1,0,0,1,0,0,10,0,0,0,7.99
1,0,0,0,-1,0,1,2,0,0,0,0,0,0,0,0,2,0,0,0,0,3,0,-1,50,0,9223372036800000000,1e+75,0,10,0,0,7,0,0,1,0,0,1,1,0,0,0,0,0,0,2,0,1,-1,-1,-1,-1,0,10,-1,1,1,3,-1,-1,-1,0,0,1,0,0,10,0,0,0,7.18
1,0,0,0,-1,0,1,2,0,0,0,0,-1,0,0,0,0,0,0,0,0,3,0,-1,50,0,9223372036800000000,1e+75,0,10,0,0,7,0,0,1,0,0,1,1,0,0,0,0,0,0,2,0,1,-1,-1,-1,-1,0,10,-1,1,1,3,-1,-1,-1,0,0,1,0,0,10,1,0,0,19.54
1,0,0,0,-1,0,1,2,0,0,0,0,0,0,0,0,0,0,0,0,0,3,0,-1,50,0,9223372036800000000,1e+75,0,10,0,0,7,0,0,1,0,0,1,1,0,0,0,1,0,0,2,0,1,-1,-1,-1,-1,0,10,-1,1,1,3,-1,-1,-1,0,0,1,0,0,10,0,0,0,7.6
1,0,0,0,-1,0,1,2,0,0,0,0,0,0,0,0,1,0,0,0,0,3,0,-1,50,0,9223372036800000000,1e+75,0,10,0,0,7,0,0,1,0,0,1,1,0,0,0,0,0,0,2,0,1,-1,-1,-1,-1,0,10,-1,1,1,3,-1,-1,-1,0,0,1,0,0,10,0,0,0,7.18
1,0,0,0,-1,0,1,2,0,0,0,0,0,0,0,0,0,0,0,0,1,3,0,-1,50,0,9223372036800000000,1e+75,0,10,0,0,7,0,0,1,0,0,1,1,0,0,0,0,0,0,2,0,1,-1,-1,-1,-1,0,10,-1,1,1,3,-1,-1,-1,0,0,1,0,0,10,0,0,0,7.6
1,0,0,0,-1,0,1,2,0,0,0,0,0,0,0,0,0,0,0,0,2,3,0,-1,50,0,9223372036800000000,1e+75,0,10,0,0,7,0,0,1,0,0,1,1,0,0,0,0,0,0,2,0,1,-1,-1,-1,-1,0,10,-1,1,1,3,-1,-1,-1,0,0,1,0,0,10,0,0,0,7.18
1,0,0,0,-1,3,1,2,0,0,0,0,-1,0,0,0,0,0,0,0,0,3,0,-1,50,0,9223372036800000000,1e+75,0,10,0,0,7,0,0,1,0,0,1,1,0,0,0,0,0,0,2,0,1,-1,-1,-1,-1,0,10,-1,1,1,3,-1,-1,-1,0,0,1,0,0,10,0,0,0,9.2
1,0,0,0,-1,0,1,2,0,0,0,0,-1,0,0,0,0,0,0,0,0,3,0,-1,50,0,9223372036800000000,1e+75,0,10,0,0,7,0,0,1,0,0,1,1,0,0,0,0,0,0,2,0,1,-1,-1,-1,-1,0,10,-1,1,1,3,-1,-1,3,0,0,1,0,0,10,0,0,0,8.74
1,0,0,0,-1,0,1,2,0,0,0,0,-1,0,0,0,0,0,0,0,0,3,0,-1,50,0,9223372036800000000,1e+75,0,10,0,0,3,0,0,1,0,0,1,1,0,0,0,0,0,0,2,0,1,-1,-1,-1,-1,0,10,-1,1,1,3,-1,-1,-1,0,0,1,0,0,10,0,0,0,8.74
1,0,0,0,-1,0,1,2,0,0,0,0,-1,0,0,0,0,0,0,0,0,3,0,-1,50,0,9223372036800000000,1e+75,0,10,0,0,7,0,0,1,0,0,1,1,3,0,0,0,0,0,2,0,1,-1,-1,-1,-1,0,10,-1,1,1,3,-1,-1,-1,0,0,1,0,0,10,0,0,0,30.36
1,0,0,0,-1,0,1,2,0,0,0,0,0,0,0,0,0,0,0,0,0,3,0,-1,50,0,9223372036800000000,1e+75,0,10,0,0,7,0,0,1,0,0,1,1,0,0,0,0,5,0,2,0,1,-1,-1,-1,-1,0,10,-1,1,1,3,-1,-1,-1,0,0,1,0,0,10,0,0,0,14.34
1,0,0,0,-1,0,1,2,0,0,0,0,-1,0,0,0,0,0,0,0,0,3,0,-1,50,0,9223372036800000000,1e+75,0,10,0,0,7,0,0,1,0,0,1,0,0,0,0,0,0,0,2,0,1,-1,-1,-1,-1,0,10,-1,1,1,3,-1,-1,-1,0,0,1,0,0,10,0,0,0,8.74
1,0,0,0,-1,0,1,2,0,0,0,0,-1,0,0,0,0,0,0,0,0,3,0,-1,50,0,9223372036800000000,1e+75,0,10,0,0,7,0,0,1,0,0,1,1,0,0,0,0,0,0,2,0,1,-1,-1,-1,-1,0,10,-1,0,1,3,-1,-1,-1,0,0,1,0,0,10,0,0,0,44.82
1,0,0,0,-1,0,1,2,0,0,0,0,-1,0,0,0,0,0,0,0,0,3,0,-1,50,0,9223372036800000000,1e+75,0,10,0,0,7,0,0,1,0,0,1,1,0,0,0,0,0,0,2,0,1,-1,-1,-1,-1,0,10,-1,1,1,3,-1,-1,0,0,0,1,0,0,10,0,0,0,23.42
1,0,0,0,-1,0,1,2,0,0,0,0,-1,0,0,0,0,0,0,0,0,3,0,-1,50,0,9223372036800000000,1e+75,0,10,0,0,7,0,0,1,0,0,1,1,0,0,0,0,0,0,2,0,1,-1,-1,-1,-1,-1,10,-1,1,1,3,-1,-1,-1,0,0,1,0,0,10,0,0,0,9.47
1,0,0,0,-1,0,1,2,0,0,0,0,-1,0,0,0,0,0,0,0,0,3,0,-1,50,0,9223372036800000000,1e+75,0,10,0,0,7,0,0,1,0,0,1,1,0,0,0,0,0,0,2,0,1,-1,-1,-1,-1,1,10,-1,1,1,3,-1,-1,-1,0,0,1,0,0,10,0,0,0,26.26
