1,0,0,0,-1,0,1,4,0,0,0,0,3,0,3,0,-1,2,-1,2,-1,3,0,16,800,0,9223372036800000000,1e+75,0,10,0,0,7,0,0,1,0,0,1,1,0,0,0,0,0,0,2,0,1,-1,-1,-1,-1,0,10,-1,1,1,3,-1,-1,-1,0,0,1,0,0,10,0,0,0,9.45
1,0,0,0,-1,0,1,4,0,0,0,0,3,0,3,0,-1,2,-1,2,-1,3,0,4,800,0,9223372036800000000,1e+75,0,10,0,0,7,0,0,1,0,0,1,1,0,0,0,0,0,0,2,0,1,-1,-1,-1,-1,0,10,-1,1,1,3,-1,-1,-1,0,0,1,0,0,10,0,0,0,9.45
1,0,0,0,-1,0,1,4,0,0,0,0,3,0,3,0,-1,2,-1,2,-1,3,0,1,800,0,9223372036800000000,1e+75,0,10,0,0,7,0,0,1,0,0,1,1,0,0,0,0,0,0,2,0,1,-1,-1,-1,-1,0,10,-1,1,1,3,-1,-1,-1,0,0,1,0,0,10,0,0,0,32.03
1,0,0,0,-1,0,1,4,0,0,0,0,3,0,3,0,-1,2,-1,2,-1,3,0,-1,800,0,9223372036800000000,1e+75,0,10,0,0,7,1,0,1,0,0,1,1,0,0,0,0,0,0,2,0,1,-1,-1,-1,-1,0,10,-1,1,1,3,-1,-1,-1,0,0,1,0,0,10,0,0,0,27.54
1,0,0,0,-1,0,1,4,0,0,0,0,3,0,3,0,-1,2,-1,2,-1,3,0,-1,800,0,9223372036800000000,1e+75,0,10,0,0,7,-1,0,1,0,0,1,1,0,0,0,0,0,0,2,0,1,-1,-1,-1,-1,0,10,-1,1,1,3,-1,-1,-1,0,0,1,0,0,10,0,0,0,30.59
1,0,0,0,-1,0,1,4,0,0,0,0,3,0,3,0,-1,2,-1,2,-1,3,0,-1,800,0,9223372036800000000,1e+75,0,10,0,0,30,0,0,1,0,0,1,1,0,0,0,0,0,0,2,0,1,-1,-1,-1,-1,0,10,-1,1,1,3,-1,-1,-1,0,0,1,0,0,10,0,0,0,9.45
1,0,0,0,-1,0,1,4,0,0,0,0,3,0,3,0,-1,2,-1,2,-1,3,0,-1,800,0,9223372036800000000,1e+75,0,10,0,0,10,0,0,1,0,0,1,1,0,0,0,0,0,0,2,0,1,-1,-1,-1,-1,0,10,-1,1,1,3,-1,-1,-1,0,0,1,0,0,10,0,0,0,9.45
1,0,0,0,-1,0,1,4,0,0,0,0,3,0,3,0,-1,2,-1,2,-1,3,0,-1,800,0,9223372036800000000,1e+75,0,10,0,0,5,0,0,1,0,0,1,1,0,0,0,0,0,0,2,0,1,-1,-1,-1,-1,0,10,-1,1,1,3,-1,-1,-1,0,0,1,0,0,10,0,0,0,9.45
1,0,0,0,-1,0,1,4,0,0,0,0,3,0,3,0,-1,2,-1,2,-1,3,0,-1,800,0,9223372036800000000,1e+75,0,10,0,0,4,0,0,1,0,0,1,1,0,0,0,0,0,0,2,0,1,-1,-1,-1,-1,0,10,-1,1,1,3,-1,-1,-1,0,0,1,0,0,10,0,0,0,9.45
1,0,0,0,-1,0,1,4,0,0,0,0,3,0,3,0,-1,2,-1,2,-1,3,0,-1,800,0,9223372036800000000,1e+75,0,10,0,0,3,0,0,1,0,0,1,1,0,0,0,0,0,0,2,0,1,-1,-1,-1,-1,0,10,-1,1,1,3,-1,-1,-1,0,0,1,0,0,10,0,0,0,9.45
1,0,0,0,-1,0,1,4,0,0,0,0,3,0,3,0,-1,2,-1,2,-1,3,0,-1,800,0,9223372036800000000,1e+75,0,10,0,0,2,0,0,1,0,0,1,1,0,0,0,0,0,0,2,0,1,-1,-1,-1,-1,0,10,-1,1,1,3,-1,-1,-1,0,0,1,0,0,10,0,0,0,9.45
1,0,0,0,-1,0,1,4,0,0,0,0,3,0,3,0,-1,2,-1,2,-1,3,0,-1,800,0,9223372036800000000,1e+75,0,10,0,0,0,0,0,1,0,0,1,1,0,0,0,0,0,0,2,0,1,-1,-1,-1,-1,0,10,-1,1,1,3,-1,-1,-1,0,0,1,0,0,10,0,0,0,9.45
1,0,0,0,-1,0,1,4,0,0,0,0,3,0,3,0,-1,2,-1,2,-1,3,0,-1,800,0,9223372036800000000,1e+75,0,10,0,0,7,0,0,1,0,0,1,1,0,0,1000,0,0,0,2,0,1,-1,-1,-1,-1,0,10,-1,1,1,3,-1,-1,-1,0,0,1,0,0,10,0,0,0,16.67
1,0,0,0,-1,0,1,4,0,0,0,0,3,0,3,0,-1,2,-1,2,-1,3,0,-1,800,0,9223372036800000000,1e+75,0,10,0,0,7,0,0,1,0,0,1,1,0,0,500,0,0,0,2,0,1,-1,-1,-1,-1,0,10,-1,1,1,3,-1,-1,-1,0,0,1,0,0,10,0,0,0,25.4
1,0,0,0,-1,0,1,4,0,0,0,0,3,0,3,0,-1,2,-1,2,-1,3,0,-1,800,0,9223372036800000000,1e+75,0,10,0,0,7,0,0,1,0,0,1,1,0,0,100,0,0,0,2,0,1,-1,-1,-1,-1,0,10,-1,1,1,3,-1,-1,-1,0,0,1,0,0,10,0,0,0,18.93
1,0,0,0,-1,0,1,4,0,0,0,0,3,0,3,0,-1,2,-1,2,-1,3,0,-1,800,0,9223372036800000000,1e+75,0,10,0,0,7,0,0,1,0,0,1,1,0,0,20,0,0,0,2,0,1,-1,-1,-1,-1,0,10,-1,1,1,3,-1,-1,-1,0,0,1,0,0,10,0,0,0,14.68
1,0,0,0,-1,0,1,4,0,0,0,0,3,0,3,0,-1,2,-1,2,-1,3,0,-1,800,0,9223372036800000000,1e+75,0,10,0,0,7,0,0,1,0,0,1,1,0,0,-1,0,0,0,2,0,1,-1,-1,-1,-1,0,10,-1,1,1,3,-1,-1,-1,0,0,1,0,0,10,0,0,0,13.99
1,0,0,0,-1,0,1,4,0,0,0,0,3,0,3,0,-1,2,-1,2,-1,3,0,-1,800,0,9223372036800000000,40,0,10,0,0,7,0,0,1,0,0,1,1,0,0,0,0,0,0,2,0,1,-1,-1,-1,-1,0,10,-1,1,1,3,-1,-1,-1,0,0,1,0,0,10,0,0,0,26.56
1,0,0,0,-1,0,1,4,0,0,0,0,3,0,3,0,-1,2,-1,2,-1,3,0,-1,800,0,9223372036800000000,120,0,10,0,0,7,0,0,1,0,0,1,1,0,0,0,0,0,0,2,0,1,-1,-1,-1,-1,0,10,-1,1,1,3,-1,-1,-1,0,0,1,0,0,10,0,0,0,26.56
1,0,0,0,-1,0,1,4,0,0,0,0,3,0,3,0,-1,2,-1,2,-1,3,0,-1,800,0,9223372036800000000,30,0,10,0,0,7,0,0,1,0,0,1,1,0,0,0,0,0,0,2,0,1,-1,-1,-1,-1,0,10,-1,1,1,3,-1,-1,-1,0,0,1,0,0,10,0,0,0,26.56
1,0,0,0,-1,0,1,4,0,0,0,0,3,0,3,0,-1,2,-1,2,-1,3,0,-1,800,0,9223372036800000000,5,0,10,0,0,7,0,0,1,0,0,1,1,0,0,0,0,0,0,2,0,1,-1,-1,-1,-1,0,10,-1,1,1,3,-1,-1,-1,0,0,1,0,0,10,0,0,0,26.56
1,0,0,0,-1,0,1,4,0,0,0,0,3,0,3,0,-1,2,-1,2,-1,3,0,-1,800,0,9223372036800000000,1,0,10,0,0,7,0,0,1,0,0,1,1,0,0,0,0,0,0,2,0,1,-1,-1,-1,-1,0,10,-1,1,1,3,-1,-1,-1,0,0,1,0,0,10,0,0,0,26.56
1,0,0,0,-1,0,1,4,0,0,0,0,3,0,3,0,-1,2,-1,2,-1,3,0,-1,800,0,9223372036800000000,0,0,10,0,0,7,0,0,1,0,0,1,1,0,0,0,0,0,0,2,0,1,-1,-1,-1,-1,0,10,-1,1,1,3,-1,-1,-1,0,0,1,0,0,10,0,0,0,64.1
1,0,0,0,-1,0,1,4,0,0,0,0,3,0,3,0,-1,2,-1,2,-1,3,0,-1,800,0,9223372036800000000,1e+75,0,10,0,0,7,0,3,1,0,0,1,1,0,0,0,0,0,0,2,0,1,-1,-1,-1,-1,0,10,-1,1,1,3,-1,-1,-1,0,0,1,0,0,10,0,0,0,9.45
1,0,0,0,-1,0,1,4,0,0,0,0,3,0,3,0,-1,2,-1,2,-1,3,0,-1,800,0,9223372036800000000,1e+75,0,10,0,0,7,0,0,1,0,0,3,1,0,0,0,0,0,0,2,0,1,-1,-1,-1,-1,0,10,-1,1,1,3,-1,-1,-1,0,0,1,0,0,10,0,0,0,23.19
1,0,0,0,-1,0,1,4,0,0,0,0,3,0,3,0,-1,2,-1,2,-1,3,0,-1,800,0,9223372036800000000,1e+75,0,10,0,0,7,0,0,1,0,0,0,1,0,0,0,0,0,0,2,0,1,-1,-1,-1,-1,0,10,-1,1,1,3,-1,-1,-1,0,0,1,0,0,10,0,0,0,29.41
1,0,0,0,-1,0,1,4,0,0,0,0,3,0,3,0,-1,2,-1,2,-1,3,0,-1,800,0,9223372036800000000,1e+75,0,10,0,0,7,0,0,1,0,0,1,1,0,0,0,0,0,3,2,0,1,-1,-1,-1,-1,0,10,-1,1,1,3,-1,-1,-1,0,0,1,0,0,10,0,0,0,35
1,0,0,0,-1,0,1,4,0,0,0,0,3,0,3,0,-1,2,-1,2,-1,3,0,-1,800,0,9223372036800000000,1e+75,0,10,0,0,7,0,0,1,0,0,1,1,0,0,0,0,0,2,2,0,1,-1,-1,-1,-1,0,10,-1,1,1,3,-1,-1,-1,0,0,1,0,0,10,0,0,0,26.56
1,0,0,0,-1,0,1,4,0,0,0,0,3,0,3,0,-1,2,-1,2,-1,3,0,-1,800,0,9223372036800000000,1e+75,0,10,0,0,7,0,0,1,0,0,1,1,0,0,0,0,0,1,2,0,1,-1,-1,-1,-1,0,10,-1,1,1,3,-1,-1,-1,0,0,1,0,0,10,0,0,0,44.07
1,0,0,0,-1,0,1,4,0,0,0,0,3,0,3,0,-1,2,-1,2,-1,3,0,-1,800,0,9223372036800000000,1e+75,0,10,0,0,7,0,0,1,0,0,1,1,0,0,0,0,0,-1,2,0,1,-1,-1,-1,-1,0,10,-1,1,1,3,-1,-1,-1,0,0,1,0,0,10,0,0,0,41.67
1,0,0,0,-1,0,1,4,0,0,0,0,3,2,3,0,-1,2,-1,2,-1,3,0,-1,800,0,9223372036800000000,1e+75,0,10,0,0,7,0,0,1,0,0,1,1,0,0,0,0,0,0,2,0,1,-1,-1,-1,-1,0,10,-1,1,1,3,-1,-1,-1,0,0,1,0,0,10,0,0,0,8.66
1,0,0,0,-1,0,1,4,0,0,0,0,3,1,3,0,-1,2,-1,2,-1,3,0,-1,800,0,9223372036800000000,1e+75,0,10,0,0,7,0,0,1,0,0,1,1,0,0,0,0,0,0,2,0,1,-1,-1,-1,-1,0,10,-1,1,1,3,-1,-1,-1,0,0,1,0,0,10,0,0,0,28.57
1,0,0,0,-1,0,1,4,0,0,0,0,3,-1,3,0,-1,2,-1,2,-1,3,0,-1,800,0,9223372036800000000,1e+75,0,10,0,0,7,0,0,1,0,0,1,1,0,0,0,0,0,0,2,0,1,-1,-1,-1,-1,0,10,-1,1,1,3,-1,-1,-1,0,0,1,0,0,10,0,0,0,37.29
1,0,0,0,-1,0,1,4,0,0,0,0,3,0,3,0,-1,2,-1,2,-1,3,0,-1,800,0,9223372036800000000,1e+75,0,10,0,0,7,0,0,1,0,0,1,1,0,3,0,0,0,0,2,0,1,-1,-1,-1,-1,0,10,-1,1,1,3,-1,-1,-1,0,0,1,0,0,10,0,0,0,1.075e+15
1,0,0,0,-1,0,1,4,0,0,0,0,3,0,3,0,-1,2,-1,2,-1,3,0,-1,800,0,9223372036800000000,1e+75,0,10,0,0,7,0,0,1,0,0,1,1,0,2,0,0,0,0,2,0,1,-1,-1,-1,-1,0,10,-1,1,1,3,-1,-1,-1,0,0,1,0,0,10,0,0,0,34.84
1,0,0,0,-1,0,1,4,0,0,0,0,3,0,3,0,-1,2,-1,2,-1,3,0,-1,800,0,9223372036800000000,1e+75,0,10,0,0,7,0,0,1,0,0,1,1,0,-1,0,0,0,0,2,0,1,-1,-1,-1,-1,0,10,-1,1,1,3,-1,-1,-1,0,0,1,0,0,10,0,0,0,37.52
1,0,0,0,-1,0,1,4,0,0,0,0,3,0,3,2,-1,2,-1,2,-1,3,0,-1,800,0,9223372036800000000,1e+75,0,10,0,0,7,0,0,1,0,0,1,1,0,0,0,0,0,0,2,0,1,-1,-1,-1,-1,0,10,-1,1,1,3,-1,-1,-1,0,0,1,0,0,10,0,0,0,23.69
1,0,0,0,-1,0,1,4,0,0,0,0,3,0,3,-1,-1,2,-1,2,-1,3,0,-1,800,0,9223372036800000000,1e+75,0,10,0,0,7,0,0,1,0,0,1,1,0,0,0,0,0,0,2,0,1,-1,-1,-1,-1,0,10,-1,1,1,3,-1,-1,-1,0,0,1,0,0,10,0,0,0,9.45
1,0,0,0,-1,0,1,1,0,0,0,0,3,0,3,0,-1,2,-1,2,-1,3,0,-1,800,0,9223372036800000000,1e+75,0,10,0,0,7,0,0,1,0,0,1,1,0,0,0,0,0,0,2,0,1,-1,-1,-1,-1,0,10,-1,1,1,3,-1,-1,-1,0,0,1,0,0,10,0,0,0,26.89
1,0,0,0,-1,0,1,4,0,0,0,0,3,0,3,0,-1,2,-1,2,-1,3,0,-1,800,0,9223372036800000000,1e+75,0,10,0,0,7,0,0,1,0,0,1,1,0,0,60,0,0,0,2,0,1,-1,-1,-1,-1,0,10,-1,1,1,3,-1,-1,-1,0,0,1,0,0,10,0,0,0,25
1,0,0,0,-1,0,1,4,0,0,0,0,1,0,3,0,-1,2,-1,2,-1,3,0,-1,800,0,9223372036800000000,1e+75,0,10,0,0,7,0,0,1,0,0,1,1,0,0,0,0,0,0,2,0,1,-1,-1,-1,-1,0,10,-1,1,1,3,-1,-1,-1,0,0,1,0,0,10,0,0,0,16.18
1,0,0,0,-1,0,1,4,0,0,0,0,3,0,3,0,-1,2,0,2,-1,3,0,-1,800,0,9223372036800000000,1e+75,0,10,0,0,7,0,0,1,0,0,1,1,0,0,0,0,0,0,2,0,1,-1,-1,-1,-1,0,10,-1,1,1,3,-1,-1,-1,0,0,1,0,0,10,0,0,0,21.54
1,0,0,0,-1,0,1,4,0,0,0,0,0,0,3,0,-1,2,-1,2,-1,3,0,-1,800,0,9223372036800000000,1e+75,0,10,0,0,7,0,0,1,0,0,1,1,0,0,0,0,0,0,2,0,1,-1,-1,-1,-1,0,10,-1,1,1,3,-1,-1,-1,0,0,1,0,0,10,0,0,0,16.18
1,0,0,0,-1,0,1,5,0,0,0,0,3,0,3,0,-1,2,-1,2,-1,3,0,-1,800,0,9223372036800000000,1e+75,0,10,0,0,7,0,0,1,0,0,1,1,0,0,0,0,0,0,2,0,1,-1,-1,-1,-1,0,10,-1,1,1,3,-1,-1,-1,0,0,1,0,0,10,0,0,0,49.05
1,0,0,0,-1,0,1,4,0,0,0,0,3,0,3,0,-1,2,-1,2,-1,3,0,-1,200,0,9223372036800000000,1e+75,0,10,0,0,7,0,0,1,0,0,1,1,0,0,0,0,0,0,2,0,1,-1,-1,-1,-1,0,10,-1,1,1,3,-1,-1,-1,0,0,1,0,0,10,0,0,0,10.29
1,0,0,0,-1,0,1,4,0,0,0,0,3,0,3,0,-1,2,-1,2,-1,3,0,8,800,0,9223372036800000000,1e+75,0,10,0,0,7,0,0,1,0,0,1,1,0,0,0,0,0,0,2,0,1,-1,-1,-1,-1,0,10,-1,1,1,3,-1,-1,-1,0,0,1,0,0,10,0,0,0,10.29
1,0,0,0,-1,0,1,4,0,0,0,0,3,0,3,0,1,0,-1,2,-1,3,0,-1,200,0,9223372036800000000,1e+75,0,10,0,0,7,0,0,1,0,0,1,1,0,0,0,0,0,0,2,0,1,-1,-1,-1,-1,0,10,-1,1,1,3,-1,-1,-1,0,0,1,0,0,10,0,0,0,26.56
1,0,0,0,-1,0,1,4,0,0,0,0,3,0,3,0,-1,0,-1,2,-1,3,0,-1,200,0,9223372036800000000,1e+75,0,10,0,0,7,0,0,1,0,0,1,1,0,0,0,0,0,0,2,0,1,-1,-1,-1,-1,0,10,-1,1,1,3,-1,-1,-1,0,0,1,0,0,10,0,0,0,13.24
1,0,0,0,-1,0,1,4,0,0,0,0,3,0,-1,0,-1,0,-1,2,2,3,0,-1,200,0,9223372036800000000,1e+75,0,10,0,0,7,0,0,1,0,0,1,1,0,0,0,0,0,0,2,0,1,-1,-1,-1,-1,0,10,-1,1,1,3,-1,-1,-1,0,0,1,0,0,10,0,0,0,32.19
1,0,0,0,-1,0,1,4,0,0,0,0,3,0,-1,0,-1,0,-1,2,-1,3,0,-1,200,0,9223372036800000000,1e+75,0,10,0,0,7,0,0,1,0,0,1,1,0,0,0,0,0,0,2,0,1,-1,-1,-1,-1,0,10,-1,1,1,3,-1,-1,-1,0,0,1,0,0,10,0,0,0,32.19
1,0,0,0,-1,0,1,0,0,0,0,0,1,0,2,1,-1,2,1,-1,2,3,0,-1,200,0,9223372036800000000,1e+75,0,10,0,0,7,0,0,1,0,0,1,1,0,0,0,0,0,0,2,0,1,-1,-1,-1,-1,0,10,-1,1,1,3,-1,-1,-1,0,0,1,0,0,10,0,0,0,28.04
1,0,0,0,-1,0,1,0,0,0,0,0,1,0,2,1,-1,2,1,-1,2,3,0,-1,25,0,9223372036800000000,1e+75,0,10,0,0,7,0,0,1,0,0,1,1,0,0,0,0,0,0,2,0,1,-1,-1,-1,-1,0,10,-1,1,1,3,-1,-1,-1,0,0,1,0,0,10,0,0,0,13.8
1,0,0,0,-1,0,1,4,0,0,0,0,1,0,2,1,-1,2,-1,-1,2,3,0,-1,25,0,9223372036800000000,1e+75,0,10,0,0,7,0,0,1,0,0,1,1,0,0,0,0,0,0,2,0,1,-1,-1,-1,-1,0,10,-1,1,1,3,-1,-1,-1,0,0,1,0,0,10,0,0,0,13.97
1,0,0,0,-1,0,1,4,0,0,0,0,1,0,2,1,-1,2,1,-1,2,3,0,-1,800,0,9223372036800000000,1e+75,0,10,0,0,7,0,0,1,0,0,1,1,0,0,0,0,0,0,2,0,1,-1,-1,-1,-1,0,10,-1,1,1,3,-1,-1,-1,0,0,1,0,0,10,0,0,0,24.07
1,0,0,0,-1,0,1,2,0,0,0,0,1,0,2,1,-1,2,1,-1,2,3,0,-1,25,0,9223372036800000000,1e+75,0,10,0,0,7,0,0,1,0,0,1,1,0,0,0,0,0,0,2,0,1,-1,-1,-1,-1,0,10,-1,1,1,3,-1,-1,-1,0,0,1,0,0,10,0,0,0,22.58
1,0,0,0,-1,0,1,4,0,0,0,0,1,0,2,1,-1,2,0,-1,2,3,0,-1,200,0,9223372036800000000,1e+75,0,10,0,0,7,0,0,1,0,0,1,1,0,0,0,0,0,0,2,0,1,-1,-1,-1,-1,0,10,-1,1,1,3,-1,-1,-1,0,0,1,0,0,10,0,0,0,22.52
1,0,0,0,-1,0,1,4,0,0,0,0,1,0,2,2,-1,2,0,-1,2,3,0,-1,25,0,9223372036800000000,1e+75,0,10,0,0,7,0,0,1,0,0,1,1,0,0,0,0,0,0,2,0,1,-1,-1,-1,-1,0,10,-1,1,1,3,-1,-1,-1,0,0,1,0,0,10,0,0,0,17.65
1,0,0,0,-1,0,1,4,0,0,0,0,1,0,2,1,-1,2,0,-1,0,3,0,-1,25,0,9223372036800000000,1e+75,0,10,0,0,7,0,0,1,0,0,1,1,0,0,0,0,0,0,2,0,1,-1,-1,-1,-1,0,10,-1,1,1,3,-1,-1,-1,0,0,1,0,0,10,0,0,0,17.65
1,0,0,0,-1,0,1,4,0,0,0,0,1,0,2,1,-1,2,0,-1,2,3,0,-1,800,0,9223372036800000000,1e+75,0,10,0,0,7,0,0,1,0,0,1,1,0,0,0,0,0,0,2,0,1,-1,-1,-1,-1,0,10,-1,1,1,3,-1,-1,-1,0,0,1,0,0,10,0,0,0,22.52
1,0,0,0,-1,0,1,4,0,0,0,0,0,0,2,0,2,0,-1,0,2,3,0,-1,50,0,9223372036800000000,1e+75,0,10,0,0,7,0,0,1,0,0,1,1,0,0,0,0,0,0,2,0,1,-1,-1,-1,-1,0,10,-1,1,1,3,-1,-1,-1,0,0,1,0,0,10,0,0,0,32.79
1,0,0,0,-1,0,1,4,0,0,0,0,3,0,3,0,-1,2,-1,2,-1,3,0,2,800,0,9223372036800000000,1e+75,0,10,0,0,7,0,0,1,0,0,1,1,0,0,0,0,0,0,2,0,1,-1,-1,-1,-1,0,10,-1,1,1,3,-1,-1,-1,0,0,1,0,0,10,0,0,0,9.45
1,0,0,0,-1,0,1,1,0,0,0,0,2,0,-1,2,2,-1,-1,1,2,3,0,-1,150,0,9223372036800000000,1e+75,0,10,0,0,7,0,0,1,0,0,1,1,0,0,0,0,0,0,2,0,1,-1,-1,-1,-1,0,10,-1,1,1,3,-1,-1,-1,0,0,1,0,0,10,0,0,0,21.75
1,0,0,0,-1,0,1,4,0,0,0,0,0,0,2,-1,2,2,-1,0,2,3,0,-1,50,0,9223372036800000000,1e+75,0,10,0,0,7,0,0,1,0,0,1,1,0,0,0,0,0,0,2,0,1,-1,-1,-1,-1,0,10,-1,1,1,3,-1,-1,-1,0,0,1,0,0,10,0,0,0,20.9
1,0,0,0,-1,0,1,4,0,0,0,0,0,0,2,1,2,-1,-1,0,2,3,0,-1,50,0,9223372036800000000,1e+75,0,10,0,0,7,0,0,1,0,0,1,1,0,0,0,0,0,0,2,0,1,-1,-1,-1,-1,0,10,-1,1,1,3,-1,-1,-1,0,0,1,0,0,10,0,0,0,24.51
1,0,0,0,-1,0,1,4,0,0,0,0,2,0,2,2,-1,2,1,0,0,3,0,-1,150,0,9223372036800000000,1e+75,0,10,0,0,7,0,0,1,0,0,1,1,0,0,0,0,0,0,2,0,1,-1,-1,-1,-1,0,10,-1,1,1,3,-1,-1,-1,0,0,1,0,0,10,0,0,0,11.76
1,0,0,0,-1,0,1,4,0,0,0,0,0,0,2,2,2,-1,-1,0,2,3,0,-1,50,0,9223372036800000000,1e+75,0,10,0,0,7,0,0,1,0,0,1,1,0,0,0,0,0,0,2,0,1,-1,-1,-1,-1,0,10,-1,1,1,3,-1,-1,-1,0,0,1,0,0,10,0,0,0,24.51
1,0,0,0,-1,0,1,4,0,0,0,0,3,0,3,0,-1,2,-1,2,-1,3,0,-1,800,0,9223372036800000000,1e+75,0,10,0,0,7,0,0,1,0,0,2,1,0,0,0,0,0,0,2,0,1,-1,-1,-1,-1,0,10,-1,1,1,3,-1,-1,-1,0,0,1,0,0,10,0,0,0,23.52
1,0,0,0,-1,0,1,1,0,0,0,0,0,0,2,-1,2,-1,0,0,2,3,0,-1,50,0,9223372036800000000,1e+75,0,10,0,0,7,0,0,1,0,0,1,1,0,0,0,0,0,0,2,0,1,-1,-1,-1,-1,0,10,-1,1,1,3,-1,-1,-1,0,0,1,0,0,10,0,0,0,26.14
1,0,0,0,-1,0,1,4,0,0,0,0,1,0,2,1,2,2,0,-1,2,3,0,-1,100,0,9223372036800000000,1e+75,0,10,0,0,7,0,0,1,0,0,1,1,0,0,0,0,0,0,2,0,1,-1,-1,-1,-1,0,10,-1,1,1,3,-1,-1,-1,0,0,1,0,0,10,0,0,0,26.56
1,0,0,0,-1,0,1,4,0,0,0,0,3,0,3,0,-1,2,-1,2,-1,3,0,-1,800,0,9223372036800000000,1e+75,0,10,0,0,7,0,0,1,0,0,1,1,0,0,40,0,0,0,2,0,1,-1,-1,-1,-1,0,10,-1,1,1,3,-1,-1,-1,0,0,1,0,0,10,0,0,0,26.98
1,0,0,0,-1,0,1,4,0,0,0,0,3,0,3,0,-1,2,-1,2,-1,3,0,-1,800,0,9223372036800000000,60,0,10,0,0,7,0,0,1,0,0,1,1,0,0,0,0,0,0,2,0,1,-1,-1,-1,-1,0,10,-1,1,1,3,-1,-1,-1,0,0,1,0,0,10,0,0,0,26.56
1,0,0,0,-1,0,1,0,0,0,0,0,0,0,2,-1,2,-1,-1,0,2,3,0,-1,50,0,9223372036800000000,1e+75,0,10,0,0,7,0,0,1,0,0,1,1,0,0,0,0,0,0,2,0,1,-1,-1,-1,-1,0,10,-1,1,1,3,-1,-1,-1,0,0,1,0,0,10,0,0,0,11.94
1,0,0,0,-1,0,1,4,0,0,0,0,2,0,0,2,2,-1,-1,1,2,3,0,-1,150,0,9223372036800000000,1e+75,0,10,0,0,7,0,0,1,0,0,1,1,0,0,0,0,0,0,2,0,1,-1,-1,-1,-1,0,10,-1,1,1,3,-1,-1,-1,0,0,1,0,0,10,0,0,0,17.76
1,0,0,0,-1,0,1,4,0,0,0,0,0,0,2,-1,2,-1,-1,0,2,3,0,-1,50,0,9223372036800000000,1e+75,0,10,0,0,7,0,0,1,0,0,1,1,0,0,0,0,0,0,2,0,1,-1,-1,-1,-1,0,10,-1,1,1,3,-1,-1,-1,0,0,1,0,0,10,0,0,0,11.23
1,0,0,0,-1,0,1,0,0,0,0,0,0,0,0,1,0,-1,0,0,0,3,0,-1,200,0,9223372036800000000,1e+75,0,10,0,0,7,0,0,1,0,0,1,1,0,0,0,0,0,0,2,0,1,-1,-1,-1,-1,0,10,-1,1,1,3,-1,-1,-1,0,0,1,0,0,10,0,0,0,28.94
1,0,0,0,-1,0,1,5,0,0,0,0,0,0,2,-1,2,-1,1,0,2,3,0,-1,50,0,9223372036800000000,1e+75,0,10,0,0,7,0,0,1,0,0,1,1,0,0,0,0,0,0,2,0,1,-1,-1,-1,-1,0,10,-1,1,1,3,-1,-1,-1,0,0,1,0,0,10,0,0,0,41.67
1,0,0,0,-1,0,1,0,0,0,0,0,3,0,0,1,2,2,1,2,2,3,0,-1,25,0,9223372036800000000,1e+75,0,10,0,0,7,0,0,1,0,0,1,1,0,0,0,0,0,0,2,0,1,-1,-1,-1,-1,0,10,-1,1,1,3,-1,-1,-1,0,0,1,0,0,10,0,0,0,30.62
1,0,0,0,-1,0,1,1,0,0,0,0,2,0,0,2,2,-1,-1,1,-1,3,0,-1,150,0,9223372036800000000,1e+75,0,10,0,0,7,0,0,1,0,0,1,1,0,0,0,0,0,0,2,0,1,-1,-1,-1,-1,0,10,-1,1,1,3,-1,-1,-1,0,0,1,0,0,10,0,0,0,21.75
1,0,0,0,-1,0,1,1,0,0,0,0,2,0,0,2,2,-1,-1,1,2,3,0,-1,150,0,9223372036800000000,1e+75,0,10,0,0,7,0,0,1,0,0,1,1,0,0,0,0,0,0,2,0,1,-1,-1,-1,-1,0,10,-1,1,1,3,-1,-1,-1,0,0,1,0,0,10,0,0,0,21.75
1,0,0,0,-1,0,1,4,0,0,0,0,2,0,0,2,2,-1,-1,1,0,3,0,-1,150,0,9223372036800000000,1e+75,0,10,0,0,7,0,0,1,0,0,1,1,0,0,0,0,0,0,2,0,1,-1,-1,-1,-1,0,10,-1,1,1,3,-1,-1,-1,0,0,1,0,0,10,0,0,0,17.76
1,0,0,0,-1,0,1,1,0,0,0,0,2,0,0,2,2,-1,0,1,2,3,0,-1,150,0,9223372036800000000,1e+75,0,10,0,0,7,0,0,1,0,0,1,1,0,0,0,0,0,0,2,0,1,-1,-1,-1,-1,0,10,-1,1,1,3,-1,-1,-1,0,0,1,0,0,10,0,0,0,31.42
1,0,0,0,-1,0,1,1,0,0,0,0,2,0,0,2,2,-1,-1,2,2,3,0,-1,150,0,9223372036800000000,1e+75,0,10,0,0,7,0,0,1,0,0,1,1,0,0,0,0,0,0,2,0,1,-1,-1,-1,-1,0,10,-1,1,1,3,-1,-1,-1,0,0,1,0,0,10,0,0,0,27.25
1,0,0,0,-1,0,1,4,0,0,0,0,0,0,2,2,1,2,1,0,0,3,0,-1,150,0,9223372036800000000,1e+75,0,10,0,0,7,0,0,1,0,0,1,1,0,0,0,0,0,0,2,0,1,-1,-1,-1,-1,0,10,-1,1,1,3,-1,-1,-1,0,0,1,0,0,10,0,0,0,28.57
1,0,0,0,-1,0,1,4,0,0,0,0,-1,0,2,-1,2,0,-1,0,2,3,0,-1,50,0,9223372036800000000,1e+75,0,10,0,0,7,0,0,1,0,0,1,1,0,0,0,0,0,0,2,0,1,-1,-1,-1,-1,0,10,-1,1,1,3,-1,-1,-1,0,0,1,0,0,10,0,0,0,36.29
1,0,0,0,-1,0,1,5,0,0,0,0,2,0,0,-1,2,-1,-1,1,2,3,0,-1,150,0,9223372036800000000,1e+75,0,10,0,0,7,0,0,1,0,0,1,1,0,0,0,0,0,0,2,0,1,-1,-1,-1,-1,0,10,-1,1,1,3,-1,-1,-1,0,0,1,0,0,10,0,0,0,29.05
1,0,0,0,-1,0,1,4,0,0,0,0,3,0,3,0,-1,2,-1,2,-1,3,0,-1,800,0,9223372036800000000,20,0,10,0,0,7,0,0,1,0,0,1,1,0,0,0,0,0,0,2,0,1,-1,-1,-1,-1,0,10,-1,1,1,3,-1,-1,-1,0,0,1,0,0,10,0,0,0,26.56
1,0,0,0,-1,0,1,0,0,0,0,0,0,0,0,0,0,-1,-1,0,0,3,0,-1,200,0,9223372036800000000,1e+75,0,10,0,0,7,0,0,1,0,0,1,1,0,0,0,0,0,0,2,0,1,-1,-1,-1,-1,0,10,-1,1,1,3,-1,-1,-1,0,0,1,0,0,10,0,0,0,19.85
1,0,0,0,-1,0,1,4,0,0,0,0,0,0,2,1,2,0,-1,0,2,3,0,-1,50,0,9223372036800000000,1e+75,0,10,0,0,7,0,0,1,0,0,1,1,0,0,0,0,0,0,2,0,1,-1,-1,-1,-1,0,10,-1,1,1,3,-1,-1,-1,0,0,1,0,0,10,0,0,0,19.12
1,0,0,0,-1,0,1,4,0,0,0,0,1,0,2,2,-1,2,1,0,0,3,0,-1,150,0,9223372036800000000,1e+75,0,10,0,0,7,0,0,1,0,0,1,1,0,0,0,0,0,0,2,0,1,-1,-1,-1,-1,0,10,-1,1,1,3,-1,-1,-1,0,0,1,0,0,10,0,0,0,13.21
1,0,0,0,-1,0,1,0,0,0,0,0,3,0,3,0,0,-1,0,0,0,3,0,-1,200,0,9223372036800000000,1e+75,0,10,0,0,7,0,0,1,0,0,1,1,0,0,0,0,0,0,2,0,1,-1,-1,-1,-1,0,10,-1,1,1,3,-1,-1,-1,0,0,1,0,0,10,0,0,0,42.11
1,0,0,0,-1,0,1,4,0,0,0,0,1,0,2,1,-1,2,0,-1,2,3,0,-1,10,0,9223372036800000000,1e+75,0,10,0,0,7,0,0,1,0,0,1,1,0,0,0,0,0,0,2,0,1,-1,-1,-1,-1,0,10,-1,1,1,3,-1,-1,-1,0,0,1,0,0,10,0,0,0,24.83
1,0,0,0,-1,0,1,0,0,0,0,0,3,0,0,1,2,2,1,2,2,3,0,-1,400,0,9223372036800000000,1e+75,0,10,0,0,7,0,0,1,0,0,1,1,0,0,0,0,0,0,2,0,1,-1,-1,-1,-1,0,10,-1,1,1,3,-1,-1,-1,0,0,1,0,0,10,0,0,0,42.11
1,0,0,0,-1,0,1,0,0,0,0,0,0,0,3,1,0,1,-1,0,2,3,0,-1,150,0,9223372036800000000,1e+75,0,10,0,0,7,0,0,1,0,0,1,1,0,0,0,0,0,0,2,0,1,-1,-1,-1,-1,0,10,-1,1,1,3,-1,-1,-1,0,0,1,0,0,10,0,0,0,13.6
1,0,0,0,-1,0,1,0,0,0,0,0,3,0,0,0,0,-1,0,0,0,3,0,-1,200,0,9223372036800000000,1e+75,0,10,0,0,7,0,0,1,0,0,1,1,0,0,0,0,0,0,2,0,1,-1,-1,-1,-1,0,10,-1,1,1,3,-1,-1,-1,0,0,1,0,0,10,0,0,0,11.43
1,0,0,0,-1,0,1,1,0,0,0,0,0,0,2,-1,2,0,1,0,2,3,0,-1,50,0,9223372036800000000,1e+75,0,10,0,0,7,0,0,1,0,0,1,1,0,0,0,0,0,0,2,0,1,-1,-1,-1,-1,0,10,-1,1,1,3,-1,-1,-1,0,0,1,0,0,10,0,0,0,29.23
1,0,0,0,-1,0,1,1,0,0,0,0,0,0,2,-1,2,-1,1,0,2,3,0,-1,50,0,9223372036800000000,1e+75,0,10,0,0,7,0,0,1,0,0,1,1,0,0,0,0,0,0,2,0,1,-1,-1,-1,-1,0,10,-1,1,1,3,-1,-1,-1,0,0,1,0,0,10,0,0,0,23.88
1,0,0,0,-1,0,1,0,0,0,0,0,3,0,0,-1,0,-1,0,0,0,3,0,-1,200,0,9223372036800000000,1e+75,0,10,0,0,7,0,0,1,0,0,1,1,0,0,0,0,0,0,2,0,1,-1,-1,-1,-1,0,10,-1,1,1,3,-1,-1,-1,0,0,1,0,0,10,0,0,0,32.79
1,0,0,0,-1,0,1,4,0,0,0,0,3,0,3,0,-1,2,-1,2,-1,3,0,-1,800,0,9223372036800000000,240,0,10,0,0,7,0,0,1,0,0,1,1,0,0,0,0,0,0,2,0,1,-1,-1,-1,-1,0,10,-1,1,1,3,-1,-1,-1,0,0,1,0,0,10,0,0,0,26.56
1,0,0,0,-1,0,1,0,0,0,0,0,2,0,0,0,0,-1,0,0,0,3,0,-1,200,0,9223372036800000000,1e+75,0,10,0,0,7,0,0,1,0,0,1,1,0,0,0,0,0,0,2,0,1,-1,-1,-1,-1,0,10,-1,1,1,3,-1,-1,-1,0,0,1,0,0,10,0,0,0,11.62
1,0,0,0,-1,0,1,0,0,0,0,0,2,0,3,1,0,1,-1,0,2,3,0,-1,200,0,9223372036800000000,1e+75,0,10,0,0,7,0,0,1,0,0,1,1,0,0,0,0,0,0,2,0,1,-1,-1,-1,-1,0,10,-1,1,1,3,-1,-1,-1,0,0,1,0,0,10,0,0,0,29.03
1,0,0,0,-1,0,1,4,0,0,0,0,3,3,3,0,-1,2,-1,2,-1,3,0,-1,800,0,9223372036800000000,1e+75,0,10,0,0,7,0,0,1,0,0,1,1,0,0,0,0,0,0,2,0,1,-1,-1,-1,-1,0,10,-1,1,1,3,-1,-1,-1,0,0,1,0,0,10,0,0,0,9.45
1,0,0,0,-1,0,1,4,0,0,0,0,1,0,2,1,-1,0,0,-1,2,3,0,-1,100,0,9223372036800000000,1e+75,0,10,0,0,7,0,0,1,0,0,1,1,0,0,0,0,0,0,2,0,1,-1,-1,-1,-1,0,10,-1,1,1,3,-1,-1,-1,0,0,1,0,0,10,0,0,0,23.48
1,0,0,0,-1,0,1,0,0,0,0,0,0,0,0,-1,0,-1,0,0,0,3,0,-1,200,0,9223372036800000000,1e+75,0,10,0,0,7,0,0,1,0,0,1,1,0,0,0,0,0,0,2,0,1,-1,-1,-1,-1,0,10,-1,1,1,3,-1,-1,-1,0,0,1,0,0,10,0,0,0,32.79
1,0,0,0,-1,0,1,1,0,0,0,0,0,0,2,-1,2,-1,1,0,0,3,0,-1,50,0,9223372036800000000,1e+75,0,10,0,0,7,0,0,1,0,0,1,1,0,0,0,0,0,0,2,0,1,-1,-1,-1,-1,0,10,-1,1,1,3,-1,-1,-1,0,0,1,0,0,10,0,0,0,23.88
1,0,0,0,-1,0,1,4,0,0,0,0,3,0,0,1,-1,2,1,0,2,3,0,-1,25,0,9223372036800000000,1e+75,0,10,0,0,7,0,0,1,0,0,1,1,0,0,0,0,0,0,2,0,1,-1,-1,-1,-1,0,10,-1,1,1,3,-1,-1,-1,0,0,1,0,0,10,0,0,0,13.24
1,0,0,0,-1,0,1,4,0,0,0,0,0,0,2,-1,2,0,-1,0,2,3,0,-1,50,0,9223372036800000000,1e+75,0,10,0,0,7,0,0,1,0,0,1,1,0,0,0,0,0,0,2,0,1,-1,-1,-1,-1,0,10,-1,1,1,3,-1,-1,-1,0,0,1,0,0,10,0,0,0,10.29
1,0,0,0,-1,0,1,4,0,0,0,0,1,0,2,1,-1,2,1,-1,2,3,0,-1,25,0,9223372036800000000,1e+75,0,10,0,0,7,0,0,1,0,0,1,1,0,0,0,0,0,0,2,0,1,-1,-1,-1,-1,0,10,-1,1,1,3,-1,-1,-1,0,0,1,0,0,10,0,0,0,13.82
1,0,0,0,-1,0,1,0,0,0,0,0,0,0,0,0,1,-1,0,0,0,3,0,-1,200,0,9223372036800000000,1e+75,0,10,0,0,7,0,0,1,0,0,1,1,0,0,0,0,0,0,2,0,1,-1,-1,-1,-1,0,10,-1,1,1,3,-1,-1,-1,0,0,1,0,0,10,0,0,0,28.57
1,0,0,0,-1,0,1,4,0,0,0,0,3,0,3,0,-1,2,-1,2,-1,3,0,-1,800,0,9223372036800000000,10,0,10,0,0,7,0,0,1,0,0,1,1,0,0,0,0,0,0,2,0,1,-1,-1,-1,-1,0,10,-1,1,1,3,-1,-1,-1,0,0,1,0,0,10,0,0,0,26.56
1,0,0,0,-1,0,1,0,0,0,0,0,0,0,3,0,0,1,-1,0,2,3,0,-1,100,0,9223372036800000000,1e+75,0,10,0,0,7,0,0,1,0,0,1,1,0,0,0,0,0,0,2,0,1,-1,-1,-1,-1,0,10,-1,1,1,3,-1,-1,-1,0,0,1,0,0,10,0,0,0,20.63
1,0,0,0,-1,0,1,4,0,0,0,0,3,0,3,0,-1,2,-1,2,-1,3,0,-1,800,0,9223372036800000000,50,0,10,0,0,7,0,0,1,0,0,1,1,0,0,0,0,0,0,2,0,1,-1,-1,-1,-1,0,10,-1,1,1,3,-1,-1,-1,0,0,1,0,0,10,0,0,0,26.56
1,0,0,0,-1,0,1,4,0,0,0,0,3,0,3,1,-1,2,-1,2,-1,3,0,-1,800,0,9223372036800000000,1e+75,0,10,0,0,7,0,0,1,0,0,1,1,0,0,0,0,0,0,2,0,1,-1,-1,-1,-1,0,10,-1,1,1,3,-1,-1,-1,0,0,1,0,0,10,0,0,0,32.71
1,0,0,0,-1,0,1,4,0,0,0,0,0,0,0,-1,2,0,-1,0,2,3,0,-1,50,0,9223372036800000000,1e+75,0,10,0,0,7,0,0,1,0,0,1,1,0,0,0,0,0,0,2,0,1,-1,-1,-1,-1,0,10,-1,1,1,3,-1,-1,-1,0,0,1,0,0,10,0,0,0,10.29
1,0,0,0,-1,0,1,0,0,0,0,0,-1,0,0,0,0,-1,0,0,0,3,0,-1,200,0,9223372036800000000,1e+75,0,10,0,0,7,0,0,1,0,0,1,1,0,0,0,0,0,0,2,0,1,-1,-1,-1,-1,0,10,-1,1,1,3,-1,-1,-1,0,0,1,0,0,10,0,0,0,22.31
1,0,0,0,-1,0,1,4,0,0,0,0,3,0,3,0,-1,2,-1,2,-1,3,0,-1,800,0,9223372036800000000,1e+75,0,10,0,0,7,0,0,1,0,0,1,1,0,0,0,0,0,4,2,0,1,-1,-1,-1,-1,0,10,-1,1,1,3,-1,-1,-1,0,0,1,0,0,10,0,0,0,9.45
1,0,0,0,-1,0,1,4,0,0,0,0,0,0,2,-1,2,-1,1,0,2,3,0,-1,50,0,9223372036800000000,1e+75,0,10,0,0,7,0,0,1,0,0,1,1,0,0,0,0,0,0,2,0,1,-1,-1,-1,-1,0,10,-1,1,1,3,-1,-1,-1,0,0,1,0,0,10,0,0,0,23.44
1,0,0,0,-1,0,1,0,0,0,0,0,0,0,0,0,0,0,0,0,0,3,0,-1,200,0,9223372036800000000,1e+75,0,10,0,0,7,0,0,1,0,0,1,1,0,0,0,0,0,0,2,0,1,-1,-1,-1,-1,0,10,-1,1,1,3,-1,-1,-1,0,0,1,0,0,10,0,0,0,44.64
1,0,0,0,-1,0,1,0,0,0,0,0,0,0,3,1,0,1,-1,0,-1,3,0,-1,200,0,9223372036800000000,1e+75,0,10,0,0,7,0,0,1,0,0,1,1,0,0,0,0,0,0,2,0,1,-1,-1,-1,-1,0,10,-1,1,1,3,-1,-1,-1,0,0,1,0,0,10,0,0,0,25.4
1,0,0,0,-1,0,1,4,0,0,0,0,0,0,2,-1,0,-1,1,0,2,3,0,-1,50,0,9223372036800000000,1e+75,0,10,0,0,7,0,0,1,0,0,1,1,0,0,0,0,0,0,2,0,1,-1,-1,-1,-1,0,10,-1,1,1,3,-1,-1,-1,0,0,1,0,0,10,0,0,0,28.57
1,0,0,0,-1,0,1,4,0,0,0,0,2,0,2,2,2,2,1,0,0,3,0,-1,150,0,9223372036800000000,1e+75,0,10,0,0,7,0,0,1,0,0,1,1,0,0,0,0,0,0,2,0,1,-1,-1,-1,-1,0,10,-1,1,1,3,-1,-1,-1,0,0,1,0,0,10,0,0,0,15.44
1,0,0,0,-1,0,1,1,0,0,0,0,2,0,0,-1,2,-1,-1,1,1,3,0,-1,150,0,9223372036800000000,1e+75,0,10,0,0,7,0,0,1,0,0,1,1,0,0,0,0,0,0,2,0,1,-1,-1,-1,-1,0,10,-1,1,1,3,-1,-1,-1,0,0,1,0,0,10,0,0,0,24.82
1,0,0,0,-1,0,1,1,0,0,0,0,3,0,0,0,0,-1,0,0,0,3,0,-1,200,0,9223372036800000000,1e+75,0,10,0,0,7,0,0,1,0,0,1,1,0,0,0,0,0,0,2,0,1,-1,-1,-1,-1,0,10,-1,1,1,3,-1,-1,-1,0,0,1,0,0,10,0,0,0,18.6
1,0,0,0,-1,0,1,0,0,0,0,0,0,0,0,0,2,-1,0,0,0,3,0,-1,200,0,9223372036800000000,1e+75,0,10,0,0,7,0,0,1,0,0,1,1,0,0,0,0,0,0,2,0,1,-1,-1,-1,-1,0,10,-1,1,1,3,-1,-1,-1,0,0,1,0,0,10,0,0,0,28.57
1,0,0,0,-1,0,1,0,0,0,0,0,0,0,3,1,0,1,1,0,2,3,0,-1,200,0,9223372036800000000,1e+75,0,10,0,0,7,0,0,1,0,0,1,1,0,0,0,0,0,0,2,0,1,-1,-1,-1,-1,0,10,-1,1,1,3,-1,-1,-1,0,0,1,0,0,10,0,0,0,26.19
1,0,0,0,-1,0,1,1,0,0,0,0,2,0,0,-1,2,2,-1,2,2,3,0,-1,150,0,9223372036800000000,1e+75,0,10,0,0,7,0,0,1,0,0,1,1,0,0,0,0,0,0,2,0,1,-1,-1,-1,-1,0,10,-1,1,1,3,-1,-1,-1,0,0,1,0,0,10,0,0,0,38.46
1,0,0,0,-1,0,1,5,0,0,0,0,3,0,0,0,0,-1,0,0,0,3,0,-1,200,0,9223372036800000000,1e+75,0,10,0,0,7,0,0,1,0,0,1,1,0,0,0,0,0,0,2,0,1,-1,-1,-1,-1,0,10,-1,1,1,3,-1,-1,-1,0,0,1,0,0,10,0,0,0,41.81
1,0,0,0,-1,0,1,0,0,0,0,0,3,0,0,0,2,2,1,2,2,3,0,-1,25,0,9223372036800000000,1e+75,0,10,0,0,7,0,0,1,0,0,1,1,0,0,0,0,0,0,2,0,1,-1,-1,-1,-1,0,10,-1,1,1,3,-1,-1,-1,0,0,1,0,0,10,0,0,0,30.65
1,0,0,0,-1,0,1,4,0,0,0,0,3,0,1,0,-1,2,-1,2,-1,3,0,-1,800,0,9223372036800000000,1e+75,0,10,0,0,7,0,0,1,0,0,1,1,0,0,0,0,0,0,2,0,1,-1,-1,-1,-1,0,10,-1,1,1,3,-1,-1,-1,0,0,1,0,0,10,0,0,0,32.79
1,0,0,0,-1,0,1,0,0,0,0,0,0,0,0,0,0,-1,0,0,2,3,0,-1,200,0,9223372036800000000,1e+75,0,10,0,0,7,0,0,1,0,0,1,1,0,0,0,0,0,0,2,0,1,-1,-1,-1,-1,0,10,-1,1,1,3,-1,-1,-1,0,0,1,0,0,10,0,0,0,11.57
1,0,0,0,-1,0,1,2,0,0,0,0,0,0,2,-1,2,0,-1,0,2,3,0,-1,50,0,9223372036800000000,1e+75,0,10,0,0,7,0,0,1,0,0,1,1,0,0,0,0,0,0,2,0,1,-1,-1,-1,-1,0,10,-1,1,1,3,-1,-1,-1,0,0,1,0,0,10,0,0,0,21.67
1,0,0,0,-1,0,1,4,0,0,0,0,1,0,3,1,-1,2,1,-1,2,3,0,-1,25,0,9223372036800000000,1e+75,0,10,0,0,7,0,0,1,0,0,1,1,0,0,0,0,0,0,2,0,1,-1,-1,-1,-1,0,10,-1,1,1,3,-1,-1,-1,0,0,1,0,0,10,0,0,0,16.42
1,0,0,0,-1,0,1,1,0,0,0,0,2,0,0,-1,2,2,-1,1,2,3,0,-1,200,0,9223372036800000000,1e+75,0,10,0,0,7,0,0,1,0,0,1,1,0,0,0,0,0,0,2,0,1,-1,-1,-1,-1,0,10,-1,1,1,3,-1,-1,-1,0,0,1,0,0,10,0,0,0,35.48
1,0,0,0,-1,0,1,0,0,0,0,0,0,0,2,1,0,1,1,0,2,3,0,-1,200,0,9223372036800000000,1e+75,0,10,0,0,7,0,0,1,0,0,1,1,0,0,0,0,0,0,2,0,1,-1,-1,-1,-1,0,10,-1,1,1,3,-1,-1,-1,0,0,1,0,0,10,0,0,0,32.79
1,0,0,0,-1,0,1,0,0,0,0,0,3,0,0,0,0,1,0,0,0,3,0,-1,200,0,9223372036800000000,1e+75,0,10,0,0,7,0,0,1,0,0,1,1,0,0,0,0,0,0,2,0,1,-1,-1,-1,-1,0,10,-1,1,1,3,-1,-1,-1,0,0,1,0,0,10,0,0,0,28.57
1,0,0,0,-1,0,1,4,0,0,0,0,1,0,2,1,-1,2,0,-1,-1,3,0,-1,100,0,9223372036800000000,1e+75,0,10,0,0,7,0,0,1,0,0,1,1,0,0,0,0,0,0,2,0,1,-1,-1,-1,-1,0,10,-1,1,1,3,-1,-1,-1,0,0,1,0,0,10,0,0,0,19.12
1,0,0,0,-1,0,1,4,0,0,0,0,2,0,0,1,2,2,1,0,2,3,0,-1,25,0,9223372036800000000,1e+75,0,10,0,0,7,0,0,1,0,0,1,1,0,0,0,0,0,0,2,0,1,-1,-1,-1,-1,0,10,-1,1,1,3,-1,-1,-1,0,0,1,0,0,10,0,0,0,10.29
1,0,0,0,-1,0,1,0,0,0,0,0,0,0,2,2,-1,2,1,0,0,3,0,-1,150,0,9223372036800000000,1e+75,0,10,0,0,7,0,0,1,0,0,1,1,0,0,0,0,0,0,2,0,1,-1,-1,-1,-1,0,10,-1,1,1,3,-1,-1,-1,0,0,1,0,0,10,0,0,0,30.65
1,0,0,0,-1,0,1,3,0,0,0,0,3,0,0,1,2,2,1,2,2,3,0,-1,25,0,9223372036800000000,1e+75,0,10,0,0,7,0,0,1,0,0,1,1,0,0,0,0,0,0,2,0,1,-1,-1,-1,-1,0,10,-1,1,1,3,-1,-1,-1,0,0,1,0,0,10,0,0,0,1.075e+15
1,0,0,0,-1,0,1,0,0,0,0,0,1,0,2,1,-1,2,0,-1,2,3,0,-1,100,0,9223372036800000000,1e+75,0,10,0,0,7,0,0,1,0,0,1,1,0,0,0,0,0,0,2,0,1,-1,-1,-1,-1,0,10,-1,1,1,3,-1,-1,-1,0,0,1,0,0,10,0,0,0,31.15
1,0,0,0,-1,0,1,1,0,0,0,0,2,0,0,-1,2,1,-1,1,2,3,0,-1,150,0,9223372036800000000,1e+75,0,10,0,0,7,0,0,1,0,0,1,1,0,0,0,0,0,0,2,0,1,-1,-1,-1,-1,0,10,-1,1,1,3,-1,-1,-1,0,0,1,0,0,10,0,0,0,29.25
1,0,0,0,-1,0,1,4,0,0,0,0,0,0,0,1,2,2,1,2,2,3,0,-1,25,0,9223372036800000000,1e+75,0,10,0,0,7,0,0,1,0,0,1,1,0,0,0,0,0,0,2,0,1,-1,-1,-1,-1,0,10,-1,1,1,3,-1,-1,-1,0,0,1,0,0,10,0,0,0,19.12
1,0,0,0,-1,0,1,1,0,0,0,0,1,0,0,-1,2,-1,-1,1,2,3,0,-1,150,0,9223372036800000000,1e+75,0,10,0,0,7,0,0,1,0,0,1,1,0,0,0,0,0,0,2,0,1,-1,-1,-1,-1,0,10,-1,1,1,3,-1,-1,-1,0,0,1,0,0,10,0,0,0,29.69
1,0,0,0,-1,0,1,0,0,0,0,0,3,0,3,0,-1,2,-1,2,-1,3,0,-1,200,0,9223372036800000000,1e+75,0,10,0,0,7,0,0,1,0,0,1,1,0,0,0,0,0,0,2,0,1,-1,-1,-1,-1,0,10,-1,1,1,3,-1,-1,-1,0,0,1,0,0,10,0,0,0,11.74
1,0,0,0,-1,0,1,4,0,0,0,0,0,0,2,2,-1,2,1,0,0,3,0,-1,100,0,9223372036800000000,1e+75,0,10,0,0,7,0,0,1,0,0,1,1,0,0,0,0,0,0,2,0,1,-1,-1,-1,-1,0,10,-1,1,1,3,-1,-1,-1,0,0,1,0,0,10,0,0,0,24.56
1,0,0,0,-1,0,1,1,0,0,0,0,3,0,3,0,-1,0,-1,2,-1,3,0,-1,200,0,9223372036800000000,1e+75,0,10,0,0,7,0,0,1,0,0,1,1,0,0,0,0,0,0,2,0,1,-1,-1,-1,-1,0,10,-1,1,1,3,-1,-1,-1,0,0,1,0,0,10,0,0,0,35
1,0,0,0,-1,0,1,4,0,0,0,0,2,0,0,-1,2,2,1,0,2,3,0,-1,25,0,9223372036800000000,1e+75,0,10,0,0,7,0,0,1,0,0,1,1,0,0,0,0,0,0,2,0,1,-1,-1,-1,-1,0,10,-1,1,1,3,-1,-1,-1,0,0,1,0,0,10,0,0,0,24.62
1,0,0,0,-1,0,1,0,0,0,0,0,0,0,-1,1,0,1,-1,0,2,3,0,-1,200,0,9223372036800000000,1e+75,0,10,0,0,7,0,0,1,0,0,1,1,0,0,0,0,0,0,2,0,1,-1,-1,-1,-1,0,10,-1,1,1,3,-1,-1,-1,0,0,1,0,0,10,0,0,0,26.56
1,0,0,0,-1,0,1,4,0,0,0,0,0,0,2,2,-1,2,1,0,0,3,0,-1,150,0,9223372036800000000,1e+75,0,10,0,0,7,0,0,1,0,0,1,1,0,0,0,0,0,0,2,0,1,-1,-1,-1,-1,0,10,-1,1,1,3,-1,-1,-1,0,0,1,0,0,10,0,0,0,13.21
1,0,0,0,-1,0,1,4,0,0,0,0,0,0,2,2,-1,2,1,0,0,3,0,-1,10,0,9223372036800000000,1e+75,0,10,0,0,7,0,0,1,0,0,1,1,0,0,0,0,0,0,2,0,1,-1,-1,-1,-1,0,10,-1,1,1,3,-1,-1,-1,0,0,1,0,0,10,0,0,0,21.21
1,0,0,0,-1,0,1,3,0,0,0,0,3,0,0,0,0,-1,0,0,0,3,0,-1,200,0,9223372036800000000,1e+75,0,10,0,0,7,0,0,1,0,0,1,1,0,0,0,0,0,0,2,0,1,-1,-1,-1,-1,0,10,-1,1,1,3,-1,-1,-1,0,0,1,0,0,10,0,0,0,1.075e+15
1,0,0,0,-1,0,1,4,0,0,0,0,3,0,0,1,2,2,1,2,2,3,0,-1,25,0,9223372036800000000,1e+75,0,10,0,0,7,0,0,1,0,0,1,1,0,0,0,0,0,0,2,0,1,-1,-1,-1,-1,0,10,-1,1,1,3,-1,-1,-1,0,0,1,0,0,10,0,0,0,19.12
1,0,0,0,-1,0,1,4,0,0,0,0,0,0,2,2,-1,2,0,0,0,3,0,-1,150,0,9223372036800000000,1e+75,0,10,0,0,7,0,0,1,0,0,1,1,0,0,0,0,0,0,2,0,1,-1,-1,-1,-1,0,10,-1,1,1,3,-1,-1,-1,0,0,1,0,0,10,0,0,0,25
1,0,0,0,-1,0,1,4,0,0,0,0,0,0,2,1,-1,2,1,0,0,3,0,-1,150,0,9223372036800000000,1e+75,0,10,0,0,7,0,0,1,0,0,1,1,0,0,0,0,0,0,2,0,1,-1,-1,-1,-1,0,10,-1,1,1,3,-1,-1,-1,0,0,1,0,0,10,0,0,0,13.21
1,0,0,0,-1,0,1,4,0,0,0,0,3,0,3,0,-1,2,-1,2,-1,3,0,-1,800,0,9223372036800000000,1e+75,0,10,0,0,15,0,0,1,0,0,1,1,0,0,0,0,0,0,2,0,1,-1,-1,-1,-1,0,10,-1,1,1,3,-1,-1,-1,0,0,1,0,0,10,0,0,0,9.45
1,0,0,0,-1,0,1,4,0,0,0,0,0,0,2,2,-1,2,1,1,0,3,0,-1,150,0,9223372036800000000,1e+75,0,10,0,0,7,0,0,1,0,0,1,1,0,0,0,0,0,0,2,0,1,-1,-1,-1,-1,0,10,-1,1,1,3,-1,-1,-1,0,0,1,0,0,10,0,0,0,26.92
1,0,0,0,-1,0,1,2,0,0,0,0,0,0,3,1,0,1,-1,0,2,3,0,-1,200,0,9223372036800000000,1e+75,0,10,0,0,7,0,0,1,0,0,1,1,0,0,0,0,0,0,2,0,1,-1,-1,-1,-1,0,10,-1,1,1,3,-1,-1,-1,0,0,1,0,0,10,0,0,0,36.34
1,0,0,0,-1,0,1,4,0,0,0,0,0,0,2,2,-1,-1,1,0,0,3,0,-1,100,0,9223372036800000000,1e+75,0,10,0,0,7,0,0,1,0,0,1,1,0,0,0,0,0,0,2,0,1,-1,-1,-1,-1,0,10,-1,1,1,3,-1,-1,-1,0,0,1,0,0,10,0,0,0,28.79
1,0,0,0,-1,0,1,4,0,0,0,0,0,0,0,2,-1,2,1,0,0,3,0,-1,150,0,9223372036800000000,1e+75,0,10,0,0,7,0,0,1,0,0,1,1,0,0,0,0,0,0,2,0,1,-1,-1,-1,-1,0,10,-1,1,1,3,-1,-1,-1,0,0,1,0,0,10,0,0,0,13.21
1,0,0,0,-1,0,1,4,0,0,0,0,3,0,3,0,-1,2,-1,2,-1,3,0,-1,800,0,9223372036800000000,1e+75,0,10,0,0,7,0,0,1,0,0,1,1,0,1,0,0,0,0,2,0,1,-1,-1,-1,-1,0,10,-1,1,1,3,-1,-1,-1,0,0,1,0,0,10,0,0,0,26.75
1,0,0,0,-1,0,1,1,0,0,0,0,1,0,0,-1,2,2,-1,1,2,3,0,-1,150,0,9223372036800000000,1e+75,0,10,0,0,7,0,0,1,0,0,1,1,0,0,0,0,0,0,2,0,1,-1,-1,-1,-1,0,10,-1,1,1,3,-1,-1,-1,0,0,1,0,0,10,0,0,0,44.16
1,0,0,0,-1,0,1,4,0,0,0,0,2,0,2,-1,-1,2,1,0,0,3,0,-1,150,0,9223372036800000000,1e+75,0,10,0,0,7,0,0,1,0,0,1,1,0,0,0,0,0,0,2,0,1,-1,-1,-1,-1,0,10,-1,1,1,3,-1,-1,-1,0,0,1,0,0,10,0,0,0,32.79
1,0,0,0,-1,0,1,4,0,0,0,0,2,0,2,1,-1,2,1,0,0,3,0,-1,150,0,9223372036800000000,1e+75,0,10,0,0,7,0,0,1,0,0,1,1,0,0,0,0,0,0,2,0,1,-1,-1,-1,-1,0,10,-1,1,1,3,-1,-1,-1,0,0,1,0,0,10,0,0,0,11.76
1,0,0,0,-1,0,1,1,0,0,0,0,2,0,-1,-1,2,-1,-1,1,2,3,0,-1,150,0,9223372036800000000,1e+75,0,10,0,0,7,0,0,1,0,0,1,1,0,0,0,0,0,0,2,0,1,-1,-1,-1,-1,0,10,-1,1,1,3,-1,-1,-1,0,0,1,0,0,10,0,0,0,24.82
1,0,0,0,-1,0,1,4,0,0,0,0,1,0,2,1,-1,2,0,-1,2,3,0,-1,100,0,9223372036800000000,1e+75,0,10,0,0,7,0,0,1,0,0,1,1,0,0,0,0,0,0,2,0,1,-1,-1,-1,-1,0,10,-1,1,1,3,-1,-1,-1,0,0,1,0,0,10,0,0,0,19.12
1,0,0,0,-1,0,1,4,0,0,0,0,2,0,2,2,-1,2,1,2,0,3,0,-1,150,0,9223372036800000000,1e+75,0,10,0,0,7,0,0,1,0,0,1,1,0,0,0,0,0,0,2,0,1,-1,-1,-1,-1,0,10,-1,1,1,3,-1,-1,-1,0,0,1,0,0,10,0,0,0,24.62
1,0,0,0,-1,0,1,4,0,0,0,0,3,0,3,0,-1,2,-1,2,-1,3,0,-1,800,0,9223372036800000000,2,0,10,0,0,7,0,0,1,0,0,1,1,0,0,0,0,0,0,2,0,1,-1,-1,-1,-1,0,10,-1,1,1,3,-1,-1,-1,0,0,1,0,0,10,0,0,0,26.56
1,0,0,0,-1,0,1,3,0,0,0,0,3,0,0,0,2,2,1,2,2,3,0,-1,25,0,9223372036800000000,1e+75,0,10,0,0,7,0,0,1,0,0,1,1,0,0,0,0,0,0,2,0,1,-1,-1,-1,-1,0,10,-1,1,1,3,-1,-1,-1,0,0,1,0,0,10,0,0,0,1.075e+15
1,0,0,0,-1,0,1,2,0,0,0,0,0,0,2,2,-1,2,1,0,0,3,0,-1,150,0,9223372036800000000,1e+75,0,10,0,0,7,0,0,1,0,0,1,1,0,0,0,0,0,0,2,0,1,-1,-1,-1,-1,0,10,-1,1,1,3,-1,-1,-1,0,0,1,0,0,10,0,0,0,26.33
1,0,0,0,-1,0,1,3,0,0,0,0,3,0,0,1,2,2,1,2,0,3,0,-1,25,0,9223372036800000000,1e+75,0,10,0,0,7,0,0,1,0,0,1,1,0,0,0,0,0,0,2,0,1,-1,-1,-1,-1,0,10,-1,1,1,3,-1,-1,-1,0,0,1,0,0,10,0,0,0,1.075e+15
1,0,0,0,-1,0,1,1,0,0,0,0,2,0,0,-1,-1,-1,-1,1,2,3,0,-1,150,0,9223372036800000000,1e+75,0,10,0,0,7,0,0,1,0,0,1,1,0,0,0,0,0,0,2,0,1,-1,-1,-1,-1,0,10,-1,1,1,3,-1,-1,-1,0,0,1,0,0,10,0,0,0,31.45
1,0,0,0,-1,0,1,0,0,0,0,0,3,0,0,0,0,2,0,0,0,3,0,-1,200,0,9223372036800000000,1e+75,0,10,0,0,7,0,0,1,0,0,1,1,0,0,0,0,0,0,2,0,1,-1,-1,-1,-1,0,10,-1,1,1,3,-1,-1,-1,0,0,1,0,0,10,0,0,0,32.79
1,0,0,0,-1,0,1,4,0,0,0,0,1,0,0,1,2,2,1,2,2,3,0,-1,25,0,9223372036800000000,1e+75,0,10,0,0,7,0,0,1,0,0,1,1,0,0,0,0,0,0,2,0,1,-1,-1,-1,-1,0,10,-1,1,1,3,-1,-1,-1,0,0,1,0,0,10,0,0,0,19.12
1,0,0,0,-1,0,1,4,0,0,0,0,3,0,3,0,-1,0,-1,2,-1,3,0,-1,150,0,9223372036800000000,1e+75,0,10,0,0,7,0,0,1,0,0,1,1,0,0,0,0,0,0,2,0,1,-1,-1,-1,-1,0,10,-1,1,1,3,-1,-1,-1,0,0,1,0,0,10,0,0,0,13.48
1,0,0,0,-1,0,1,4,0,0,0,0,3,0,0,0,2,2,1,2,2,3,0,-1,25,0,9223372036800000000,1e+75,0,10,0,0,7,0,0,1,0,0,1,1,0,0,0,0,0,0,2,0,1,-1,-1,-1,-1,0,10,-1,1,1,3,-1,-1,-1,0,0,1,0,0,10,0,0,0,35
1,0,0,0,-1,0,1,4,0,0,0,0,3,0,0,1,2,2,1,0,2,3,0,-1,25,0,9223372036800000000,1e+75,0,10,0,0,7,0,0,1,0,0,1,1,0,0,0,0,0,0,2,0,1,-1,-1,-1,-1,0,10,-1,1,1,3,-1,-1,-1,0,0,1,0,0,10,0,0,0,10.61
1,0,0,0,-1,0,1,4,0,0,0,0,3,0,2,1,-1,2,1,-1,2,3,0,-1,25,0,9223372036800000000,1e+75,0,10,0,0,7,0,0,1,0,0,1,1,0,0,0,0,0,0,2,0,1,-1,-1,-1,-1,0,10,-1,1,1,3,-1,-1,-1,0,0,1,0,0,10,0,0,0,15.29
1,0,0,0,-1,0,1,0,0,0,0,0,0,0,0,0,0,-1,0,0,0,3,0,-1,200,0,9223372036800000000,1e+75,0,10,0,0,7,0,0,1,0,0,1,1,0,0,0,0,0,0,2,0,1,-1,-1,-1,-1,0,10,-1,1,1,3,-1,-1,-1,0,0,1,0,0,10,0,0,0,11.57
1,0,0,0,-1,0,1,5,0,0,0,0,0,0,3,0,0,1,-1,0,2,3,0,-1,200,0,9223372036800000000,1e+75,0,10,0,0,7,0,0,1,0,0,1,1,0,0,0,0,0,0,2,0,1,-1,-1,-1,-1,0,10,-1,1,1,3,-1,-1,-1,0,0,1,0,0,10,0,0,0,49.02
1,0,0,0,-1,0,1,0,0,0,0,0,3,0,0,0,0,-1,-1,0,0,3,0,-1,200,0,9223372036800000000,1e+75,0,10,0,0,7,0,0,1,0,0,1,1,0,0,0,0,0,0,2,0,1,-1,-1,-1,-1,0,10,-1,1,1,3,-1,-1,-1,0,0,1,0,0,10,0,0,0,44.35
1,0,0,0,-1,0,1,4,0,0,0,0,2,0,2,2,-1,0,1,0,0,3,0,-1,150,0,9223372036800000000,1e+75,0,10,0,0,7,0,0,1,0,0,1,1,0,0,0,0,0,0,2,0,1,-1,-1,-1,-1,0,10,-1,1,1,3,-1,-1,-1,0,0,1,0,0,10,0,0,0,23.16
1,0,0,0,-1,0,1,4,0,0,0,0,3,0,0,1,2,2,2,2,2,3,0,-1,25,0,9223372036800000000,1e+75,0,10,0,0,7,0,0,1,0,0,1,1,0,0,0,0,0,0,2,0,1,-1,-1,-1,-1,0,10,-1,1,1,3,-1,-1,-1,0,0,1,0,0,10,0,0,0,19.12
1,0,0,0,-1,0,1,4,0,0,0,0,3,0,3,0,-1,2,-1,2,-1,3,0,-1,800,0,9223372036800000000,1e+75,0,10,0,0,7,0,1,1,0,0,1,1,0,0,0,0,0,0,2,0,1,-1,-1,-1,-1,0,10,-1,1,1,3,-1,-1,-1,0,0,1,0,0,10,0,0,0,28.57
1,0,0,0,-1,0,1,4,0,0,0,0,3,0,0,1,2,2,1,2,1,3,0,-1,25,0,9223372036800000000,1e+75,0,10,0,0,7,0,0,1,0,0,1,1,0,0,0,0,0,0,2,0,1,-1,-1,-1,-1,0,10,-1,1,1,3,-1,-1,-1,0,0,1,0,0,10,0,0,0,19.12
1,0,0,0,-1,0,1,0,0,0,0,0,0,0,3,1,0,1,2,0,2,3,0,-1,200,0,9223372036800000000,1e+75,0,10,0,0,7,0,0,1,0,0,1,1,0,0,0,0,0,0,2,0,1,-1,-1,-1,-1,0,10,-1,1,1,3,-1,-1,-1,0,0,1,0,0,10,0,0,0,29.03
1,0,0,0,-1,0,1,4,0,0,0,0,3,0,3,0,-1,2,-1,2,-1,3,0,-1,10,0,9223372036800000000,1e+75,0,10,0,0,7,0,0,1,0,0,1,1,0,0,0,0,0,0,2,0,1,-1,-1,-1,-1,0,10,-1,1,1,3,-1,-1,-1,0,0,1,0,0,10,0,0,0,13.48
1,0,0,0,-1,0,1,1,0,0,0,0,3,0,0,1,2,2,1,2,2,3,0,-1,25,0,9223372036800000000,1e+75,0,10,0,0,7,0,0,1,0,0,1,1,0,0,0,0,0,0,2,0,1,-1,-1,-1,-1,0,10,-1,1,1,3,-1,-1,-1,0,0,1,0,0,10,0,0,0,24.08
1,0,0,0,-1,0,1,4,0,0,0,0,0,0,1,2,-1,2,1,0,0,3,0,-1,150,0,9223372036800000000,1e+75,0,10,0,0,7,0,0,1,0,0,1,1,0,0,0,0,0,0,2,0,1,-1,-1,-1,-1,0,10,-1,1,1,3,-1,-1,-1,0,0,1,0,0,10,0,0,0,13.21
1,0,0,0,-1,0,1,0,0,0,0,0,0,0,1,1,0,1,-1,0,2,3,0,-1,200,0,9223372036800000000,1e+75,0,10,0,0,7,0,0,1,0,0,1,1,0,0,0,0,0,0,2,0,1,-1,-1,-1,-1,0,10,-1,1,1,3,-1,-1,-1,0,0,1,0,0,10,0,0,0,26.56
1,0,0,0,-1,0,1,4,0,0,0,0,3,0,3,0,-1,2,-1,1,-1,3,0,-1,800,0,9223372036800000000,1e+75,0,10,0,0,7,0,0,1,0,0,1,1,0,0,0,0,0,0,2,0,1,-1,-1,-1,-1,0,10,-1,1,1,3,-1,-1,-1,0,0,1,0,0,10,0,0,0,16.67
1,0,0,0,-1,0,1,4,0,0,0,0,3,0,0,1,2,2,1,2,0,3,0,-1,25,0,9223372036800000000,1e+75,0,10,0,0,7,0,0,1,0,0,1,1,0,0,0,0,0,0,2,0,1,-1,-1,-1,-1,0,10,-1,1,1,3,-1,-1,-1,0,0,1,0,0,10,0,0,0,19.12
1,0,0,0,-1,0,1,4,0,0,0,0,0,0,0,1,2,2,1,0,2,3,0,-1,25,0,9223372036800000000,1e+75,0,10,0,0,7,0,0,1,0,0,1,1,0,0,0,0,0,0,2,0,1,-1,-1,-1,-1,0,10,-1,1,1,3,-1,-1,-1,0,0,1,0,0,10,0,0,0,27.42
1,0,0,0,-1,0,1,4,0,0,0,0,2,0,0,1,2,2,1,0,2,3,0,-1,10,0,9223372036800000000,1e+75,0,10,0,0,7,0,0,1,0,0,1,1,0,0,0,0,0,0,2,0,1,-1,-1,-1,-1,0,10,-1,1,1,3,-1,-1,-1,0,0,1,0,0,10,0,0,0,24.62
1,0,0,0,-1,0,1,4,0,0,0,0,3,0,3,0,-1,2,-1,2,-1,3,0,-1,800,0,9223372036800000000,1e+75,0,10,0,0,7,0,0,1,0,0,1,1,0,0,0,0,0,0,2,0,1,-1,-1,-1,-1,0,10,-1,1,1,3,-1,-1,-1,0,0,1,0,0,10,0,0,0,9.45
1,0,0,0,-1,0,1,0,0,0,0,0,0,0,3,1,0,1,-1,0,2,3,0,-1,200,0,9223372036800000000,1e+75,0,10,0,0,7,0,0,1,0,0,1,1,0,0,0,0,0,0,2,0,1,-1,-1,-1,-1,0,10,-1,1,1,3,-1,-1,-1,0,0,1,0,0,10,0,0,0,13.6
1,0,0,0,-1,0,1,4,0,0,0,0,3,0,3,0,-1,2,-1,2,-1,3,0,-1,800,0,9223372036800000000,1e+75,0,10,0,0,7,0,2,1,0,0,1,1,0,0,0,0,0,0,2,0,1,-1,-1,-1,-1,0,10,-1,1,1,3,-1,-1,-1,0,0,1,0,0,10,0,0,0,27.42
1,0,0,0,-1,0,1,4,0,0,0,0,0,0,2,2,-1,2,1,0,0,3,0,-1,400,0,9223372036800000000,1e+75,0,10,0,0,7,0,0,1,0,0,1,1,0,0,0,0,0,0,2,0,1,-1,-1,-1,-1,0,10,-1,1,1,3,-1,-1,-1,0,0,1,0,0,10,0,0,0,13.21
1,0,0,0,-1,0,1,1,0,0,0,0,2,0,0,-1,2,-1,-1,1,2,3,0,-1,150,0,9223372036800000000,1e+75,0,10,0,0,7,0,0,1,0,0,1,1,0,0,0,0,0,0,2,0,1,-1,-1,-1,-1,0,10,-1,1,1,3,-1,-1,-1,0,0,1,0,0,10,0,0,0,24.82
1,0,0,0,-1,0,1,4,0,0,0,0,0,0,3,1,0,1,-1,0,2,3,0,-1,200,0,9223372036800000000,1e+75,0,10,0,0,7,0,0,1,0,0,1,1,0,0,0,0,0,0,2,0,1,-1,-1,-1,-1,0,10,-1,1,1,3,-1,-1,-1,0,0,1,0,0,10,0,0,0,20.75
1,0,0,0,-1,0,1,2,0,0,0,0,3,0,0,0,0,-1,0,0,0,3,0,-1,200,0,9223372036800000000,1e+75,0,10,0,0,7,0,0,1,0,0,1,1,0,0,0,0,0,0,2,0,1,-1,-1,-1,-1,0,10,-1,1,1,3,-1,-1,-1,0,0,1,0,0,10,0,0,0,31.57
1,0,0,0,-1,0,1,0,0,0,0,0,0,0,3,1,0,-1,-1,0,2,3,0,-1,200,0,9223372036800000000,1e+75,0,10,0,0,7,0,0,1,0,0,1,1,0,0,0,0,0,0,2,0,1,-1,-1,-1,-1,0,10,-1,1,1,3,-1,-1,-1,0,0,1,0,0,10,0,0,0,15.24
1,0,0,0,-1,0,1,4,0,0,0,0,0,0,3,-1,2,-1,1,0,2,3,0,-1,50,0,9223372036800000000,1e+75,0,10,0,0,7,0,0,1,0,0,1,1,0,0,0,0,0,0,2,0,1,-1,-1,-1,-1,0,10,-1,1,1,3,-1,-1,-1,0,0,1,0,0,10,0,0,0,40.68
1,0,0,0,-1,0,1,0,0,0,0,0,0,0,3,1,0,1,-1,0,0,3,0,-1,200,0,9223372036800000000,1e+75,0,10,0,0,7,0,0,1,0,0,1,1,0,0,0,0,0,0,2,0,1,-1,-1,-1,-1,0,10,-1,1,1,3,-1,-1,-1,0,0,1,0,0,10,0,0,0,25.4
1,0,0,0,-1,0,1,4,0,0,0,0,3,0,3,0,-1,2,-1,2,-1,3,0,-1,800,0,9223372036800000000,1e+75,0,10,0,0,7,0,0,1,0,0,1,1,0,0,200,0,0,0,2,0,1,-1,-1,-1,-1,0,10,-1,1,1,3,-1,-1,-1,0,0,1,0,0,10,0,0,0,24.48
1,0,0,0,-1,0,1,4,0,0,0,0,0,0,2,-1,2,0,1,0,2,3,0,-1,50,0,9223372036800000000,1e+75,0,10,0,0,7,0,0,1,0,0,1,1,0,0,0,0,0,0,2,0,1,-1,-1,-1,-1,0,10,-1,1,1,3,-1,-1,-1,0,0,1,0,0,10,0,0,0,28.57
1,0,0,0,-1,0,1,0,0,0,0,0,0,0,3,-1,0,1,-1,0,2,3,0,-1,200,0,9223372036800000000,1e+75,0,10,0,0,7,0,0,1,0,0,1,1,0,0,0,0,0,0,2,0,1,-1,-1,-1,-1,0,10,-1,1,1,3,-1,-1,-1,0,0,1,0,0,10,0,0,0,22.22
1,0,0,0,-1,0,1,0,0,0,0,0,0,0,3,1,-1,1,-1,0,2,3,0,-1,200,0,9223372036800000000,1e+75,0,10,0,0,7,0,0,1,0,0,1,1,0,0,0,0,0,0,2,0,1,-1,-1,-1,-1,0,10,-1,1,1,3,-1,-1,-1,0,0,1,0,0,10,0,0,0,16.67
1,0,0,0,-1,0,1,0,0,0,0,0,0,0,3,1,0,1,-1,0,2,3,0,-1,50,0,9223372036800000000,1e+75,0,10,0,0,7,0,0,1,0,0,1,1,0,0,0,0,0,0,2,0,1,-1,-1,-1,-1,0,10,-1,1,1,3,-1,-1,-1,0,0,1,0,0,10,0,0,0,30.65
1,0,0,0,-1,0,1,1,0,0,0,0,2,0,0,-1,-1,2,-1,1,2,3,0,-1,150,0,9223372036800000000,1e+75,0,10,0,0,7,0,0,1,0,0,1,1,0,0,0,0,0,0,2,0,1,-1,-1,-1,-1,0,10,-1,1,1,3,-1,-1,-1,0,0,1,0,0,10,0,0,0,37.5
1,0,0,0,-1,0,1,0,0,0,0,0,0,0,3,0,0,1,-1,0,2,3,0,-1,200,0,9223372036800000000,1e+75,0,10,0,0,7,0,0,1,0,0,1,1,0,0,0,0,0,0,2,0,1,-1,-1,-1,-1,0,10,-1,1,1,3,-1,-1,-1,0,0,1,0,0,10,0,0,0,10.29
1,0,0,0,-1,0,1,1,0,0,0,0,2,0,0,-1,2,-1,0,1,2,3,0,-1,150,0,9223372036800000000,1e+75,0,10,0,0,7,0,0,1,0,0,1,1,0,0,0,0,0,0,2,0,1,-1,-1,-1,-1,0,10,-1,1,1,3,-1,-1,-1,0,0,1,0,0,10,0,0,0,30
1,0,0,0,-1,0,1,1,0,0,0,0,2,0,0,-1,2,2,-1,1,2,3,0,-1,150,0,9223372036800000000,1e+75,0,10,0,0,7,0,0,1,0,0,1,1,0,0,0,0,0,0,2,0,1,-1,-1,-1,-1,0,10,-1,1,1,3,-1,-1,-1,0,0,1,0,0,10,0,0,0,35.48
1,0,0,0,-1,0,1,1,0,0,0,0,0,0,3,0,0,1,-1,0,2,3,0,-1,200,0,9223372036800000000,1e+75,0,10,0,0,7,0,0,1,0,0,1,1,0,0,0,0,0,0,2,0,1,-1,-1,-1,-1,0,10,-1,1,1,3,-1,-1,-1,0,0,1,0,0,10,0,0,0,48.87
1,0,0,0,-1,0,1,4,0,0,0,0,1,0,2,1,-1,2,0,-1,2,3,0,-1,400,0,9223372036800000000,1e+75,0,10,0,0,7,0,0,1,0,0,1,1,0,0,0,0,0,0,2,0,1,-1,-1,-1,-1,0,10,-1,1,1,3,-1,-1,-1,0,0,1,0,0,10,0,0,0,22.52
1,0,0,0,-1,0,1,4,0,0,0,0,1,0,2,1,-1,2,0,-1,2,3,0,-1,25,0,9223372036800000000,1e+75,0,10,0,0,7,0,0,1,0,0,1,1,0,0,0,0,0,0,2,0,1,-1,-1,-1,-1,0,10,-1,1,1,3,-1,-1,-1,0,0,1,0,0,10,0,0,0,17.65
