1,0,0,0,-1,0,1,4,0,0,0,0,2,0,0,0,0,0,-1,0,0,3,0,-1,200,0,9223372036800000000,1e+75,0,10,0,0,7,0,2,1,0,0,1,1,0,0,0,0,0,0,2,0,1,-1,-1,-1,-1,1,10,-1,1,1,3,-1,-1,-1,0,0,1,0,0,10,0,0,0,20.5
1,0,0,0,-1,0,1,4,0,0,0,0,2,0,0,0,0,0,-1,0,0,3,0,-1,200,0,9223372036800000000,1e+75,0,10,0,0,7,0,2,1,0,0,1,1,0,0,0,0,0,0,2,0,1,-1,-1,-1,-1,-1,10,-1,1,1,3,-1,-1,-1,0,0,1,0,0,10,0,0,0,11.73
1,0,0,0,-1,0,1,4,0,0,0,0,2,0,0,0,0,0,-1,0,0,3,0,-1,200,0,9223372036800000000,1e+75,0,10,0,0,7,0,2,1,0,0,1,1,0,0,0,0,0,0,2,0,1,-1,-1,-1,-1,0,10,-1,1,1,3,-1,-1,5,0,0,1,0,0,10,0,0,0,11.73
1,0,0,0,-1,0,1,4,0,0,0,0,2,0,0,0,0,0,-1,0,0,3,0,-1,200,0,9223372036800000000,1e+75,0,10,0,0,7,0,2,1,0,0,1,1,0,0,0,0,0,0,2,0,1,-1,-1,-1,-1,0,10,-1,1,1,3,-1,-1,3,0,0,1,0,0,10,0,0,0,11.73
1,0,0,0,-1,0,1,4,0,0,0,0,2,0,0,0,0,0,-1,0,0,3,0,-1,200,0,9223372036800000000,1e+75,0,10,0,0,7,0,2,1,0,0,1,1,0,0,0,0,0,0,2,0,1,-1,-1,-1,-1,0,10,-1,1,1,3,-1,-1,2,0,0,1,0,0,10,0,0,0,11.73
1,0,0,0,-1,0,1,4,0,0,0,0,2,0,0,0,0,0,-1,0,0,3,0,-1,200,0,9223372036800000000,1e+75,0,10,0,0,7,0,2,1,0,0,1,1,0,0,0,0,0,0,2,0,1,-1,-1,-1,-1,0,10,-1,1,1,3,-1,-1,0,0,0,1,0,0,10,0,0,0,11.73
1,0,0,0,-1,0,1,4,0,0,0,0,2,0,0,0,0,0,-1,0,0,3,0,-1,200,0,9223372036800000000,1e+75,0,10,0,0,7,0,2,1,0,0,1,1,0,0,0,0,0,0,2,0,1,-1,-1,-1,-1,0,10,-1,0,1,3,-1,-1,-1,0,0,1,0,0,10,0,0,0,71.7
1,0,0,0,-1,0,1,4,0,0,0,0,2,0,0,0,0,0,-1,0,0,3,0,-1,200,0,9223372036800000000,1e+75,0,10,0,0,7,0,2,1,0,0,1,1,2,0,0,0,0,0,2,0,1,-1,-1,-1,-1,0,10,-1,1,1,3,-1,-1,-1,0,0,1,0,0,10,0,0,0,24.98
1,0,0,0,-1,0,1,4,0,0,0,0,2,0,0,0,0,0,-1,0,0,3,0,-1,200,0,9223372036800000000,1e+75,0,10,0,0,7,0,2,1,0,0,1,1,0,0,0,0,0,0,2,0,1,-1,-1,-1,-1,0,10,-1,1,1,3,-1,-1,4,0,0,1,0,0,10,0,0,0,11.73
1,0,0,0,-1,0,1,4,0,0,0,0,2,0,0,0,0,0,-1,0,0,3,0,-1,200,0,9223372036800000000,1e+75,0,10,0,0,7,0,2,1,0,0,1,1,1,0,0,0,0,0,2,0,1,-1,-1,-1,-1,0,10,-1,1,1,3,-1,-1,-1,0,0,1,0,0,10,0,0,0,28.56
1,0,0,0,-1,0,1,4,0,0,0,0,2,0,0,0,0,0,-1,0,0,3,0,-1,200,0,9223372036800000000,1e+75,0,10,0,0,7,0,2,1,0,0,1,1,-1,0,0,0,0,0,2,0,1,-1,-1,-1,-1,0,10,-1,1,1,3,-1,-1,-1,0,0,1,0,0,10,0,0,0,28.55
1,0,0,0,-1,0,1,4,0,0,0,0,2,0,0,0,0,0,-1,0,0,3,0,16,200,0,9223372036800000000,1e+75,0,10,0,0,7,0,2,1,0,0,1,1,0,0,0,0,0,0,2,0,1,-1,-1,-1,-1,0,10,-1,1,1,3,-1,-1,-1,0,0,1,0,0,10,0,0,0,11.73
1,0,0,0,-1,0,1,4,0,0,0,0,2,0,0,0,0,0,-1,0,0,3,0,-1,200,0,9223372036800000000,1e+75,0,10,0,0,7,0,2,1,0,0,1,1,0,0,0,0,0,0,2,0,1,-1,-1,-1,-1,0,10,-1,1,1,3,-1,-1,1,0,0,1,0,0,10,0,0,0,11.73
1,0,0,0,-1,0,1,4,0,0,0,0,2,0,0,0,0,0,-1,0,0,3,0,8,200,0,9223372036800000000,1e+75,0,10,0,0,7,0,2,1,0,0,1,1,0,0,0,0,0,0,2,0,1,-1,-1,-1,-1,0,10,-1,1,1,3,-1,-1,-1,0,0,1,0,0,10,0,0,0,11.73
1,0,0,0,-1,0,1,4,0,0,0,0,2,0,0,0,0,0,-1,0,0,3,0,2,200,0,9223372036800000000,1e+75,0,10,0,0,7,0,2,1,0,0,1,1,0,0,0,0,0,0,2,0,1,-1,-1,-1,-1,0,10,-1,1,1,3,-1,-1,-1,0,0,1,0,0,10,0,0,0,11.73
1,0,0,0,-1,0,1,4,0,0,0,0,2,0,0,0,0,0,-1,0,0,3,0,-1,200,0,9223372036800000000,1e+75,0,10,0,0,7,-1,2,1,0,0,1,1,0,0,0,0,0,0,2,0,1,-1,-1,-1,-1,0,10,-1,1,1,3,-1,-1,-1,0,0,1,0,0,10,0,0,0,24.98
1,0,0,0,-1,0,1,4,0,0,0,0,2,0,0,0,0,0,-1,0,0,3,0,-1,200,0,9223372036800000000,1e+75,0,10,0,0,10,0,2,1,0,0,1,1,0,0,0,0,0,0,2,0,1,-1,-1,-1,-1,0,10,-1,1,1,3,-1,-1,-1,0,0,1,0,0,10,0,0,0,11.73
1,0,0,0,-1,0,1,4,0,0,0,0,2,0,0,0,0,0,-1,0,0,3,0,-1,200,0,9223372036800000000,1e+75,0,10,0,0,5,0,2,1,0,0,1,1,0,0,0,0,0,0,2,0,1,-1,-1,-1,-1,0,10,-1,1,1,3,-1,-1,-1,0,0,1,0,0,10,0,0,0,11.73
1,0,0,0,-1,0,1,4,0,0,0,0,2,0,0,0,0,0,-1,0,0,3,0,-1,200,0,9223372036800000000,1e+75,0,10,0,0,4,0,2,1,0,0,1,1,0,0,0,0,0,0,2,0,1,-1,-1,-1,-1,0,10,-1,1,1,3,-1,-1,-1,0,0,1,0,0,10,0,0,0,11.73
1,0,0,0,-1,0,1,4,0,0,0,0,2,0,0,0,0,0,-1,0,0,3,0,-1,200,0,9223372036800000000,1e+75,0,10,0,0,3,0,2,1,0,0,1,1,0,0,0,0,0,0,2,0,1,-1,-1,-1,-1,0,10,-1,1,1,3,-1,-1,-1,0,0,1,0,0,10,0,0,0,11.73
1,0,0,0,-1,0,1,4,0,0,0,0,2,0,0,0,0,0,-1,0,0,3,0,1,200,0,9223372036800000000,1e+75,0,10,0,0,7,0,2,1,0,0,1,1,0,0,0,0,0,0,2,0,1,-1,-1,-1,-1,0,10,-1,1,1,3,-1,-1,-1,0,0,1,0,0,10,0,0,0,19.37
1,0,0,0,-1,0,1,4,0,0,0,0,2,0,0,0,0,0,-1,0,0,3,0,-1,200,0,9223372036800000000,1e+75,0,10,0,0,2,0,2,1,0,0,1,1,0,0,0,0,0,0,2,0,1,-1,-1,-1,-1,0,10,-1,1,1,3,-1,-1,-1,0,0,1,0,0,10,0,0,0,11.73
1,0,0,0,-1,0,1,4,0,0,0,0,2,0,0,0,0,0,-1,0,0,3,0,-1,200,0,9223372036800000000,1e+75,0,10,0,0,7,0,2,1,0,0,1,1,0,0,1000,0,0,0,2,0,1,-1,-1,-1,-1,0,10,-1,1,1,3,-1,-1,-1,0,0,1,0,0,10,0,0,0,34.75
1,0,0,0,-1,0,1,4,0,0,0,0,2,0,0,0,0,0,-1,0,0,3,0,-1,200,0,9223372036800000000,1e+75,0,10,0,0,7,0,2,1,0,0,1,1,0,0,500,0,0,0,2,0,1,-1,-1,-1,-1,0,10,-1,1,1,3,-1,-1,-1,0,0,1,0,0,10,0,0,0,34.75
1,0,0,0,-1,0,1,4,0,0,0,0,2,0,0,0,0,0,-1,0,0,3,0,-1,200,0,9223372036800000000,1e+75,0,10,0,0,7,0,2,1,0,0,1,1,0,0,200,0,0,0,2,0,1,-1,-1,-1,-1,0,10,-1,1,1,3,-1,-1,-1,0,0,1,0,0,10,0,0,0,34.76
1,0,0,0,-1,0,1,4,0,0,0,0,2,0,0,0,0,0,-1,0,0,3,0,-1,200,0,9223372036800000000,1e+75,0,10,0,0,7,0,2,1,0,0,1,1,0,0,100,0,0,0,2,0,1,-1,-1,-1,-1,0,10,-1,1,1,3,-1,-1,-1,0,0,1,0,0,10,0,0,0,16.65
1,0,0,0,-1,0,1,4,0,0,0,0,2,0,0,0,0,0,-1,0,0,3,0,-1,200,0,9223372036800000000,1e+75,0,10,0,0,7,0,2,1,0,0,1,1,0,0,60,0,0,0,2,0,1,-1,-1,-1,-1,0,10,-1,1,1,3,-1,-1,-1,0,0,1,0,0,10,0,0,0,11.75
1,0,0,0,-1,0,1,0,0,0,0,0,0,0,0,1,0,0,0,0,0,3,0,-1,200,0,9223372036800000000,1e+75,0,10,0,0,7,0,0,1,0,0,1,1,0,0,0,0,0,0,2,0,1,-1,-1,-1,-1,0,10,-1,1,1,3,-1,-1,-1,0,0,1,0,0,10,0,0,0,68.75
1,0,0,0,-1,0,1,4,0,0,0,0,2,1,0,0,0,0,-1,0,0,3,0,-1,200,0,9223372036800000000,1e+75,0,10,0,0,7,0,0,1,0,0,1,1,0,0,0,0,0,0,2,0,1,-1,-1,-1,-1,0,10,-1,1,1,3,-1,-1,-1,0,0,1,0,0,10,0,0,0,28.54
1,0,0,0,-1,0,1,0,0,0,0,0,0,0,0,0,0,0,0,0,0,3,0,-1,50,0,9223372036800000000,1e+75,0,10,0,0,7,0,0,1,0,0,1,1,0,0,0,0,0,0,2,0,1,-1,-1,-1,-1,0,10,-1,1,1,3,-1,-1,-1,0,0,1,0,0,10,0,0,0,31.81
1,0,0,0,-1,0,1,4,0,0,0,0,2,3,0,0,0,0,-1,0,0,3,0,-1,200,0,9223372036800000000,1e+75,0,10,0,0,7,0,0,1,0,0,1,1,0,0,0,0,0,0,2,0,1,-1,-1,-1,-1,0,10,-1,1,1,3,-1,-1,-1,0,0,1,0,0,10,0,0,0,11.74
1,0,0,0,-1,0,1,4,0,0,0,0,2,0,0,0,0,0,-1,0,0,3,0,-1,200,0,9223372036800000000,1e+75,0,10,0,0,7,0,0,1,0,0,1,1,0,3,0,0,0,0,2,0,1,-1,-1,-1,-1,0,10,-1,1,1,3,-1,-1,-1,0,0,1,0,0,10,0,0,0,28.63
1,0,0,0,-1,0,1,4,0,0,0,0,2,0,0,0,0,0,-1,0,0,3,0,-1,200,0,9223372036800000000,1e+75,0,10,0,0,15,0,2,1,0,0,1,1,0,0,0,0,0,0,2,0,1,-1,-1,-1,-1,0,10,-1,1,1,3,-1,-1,-1,0,0,1,0,0,10,0,0,0,11.73
1,0,0,0,-1,0,1,4,0,0,0,0,2,2,0,0,0,0,-1,0,0,3,0,-1,200,0,9223372036800000000,1e+75,0,10,0,0,7,0,0,1,0,0,1,1,0,0,0,0,0,0,2,0,1,-1,-1,-1,-1,0,10,-1,1,1,3,-1,-1,-1,0,0,1,0,0,10,0,0,0,11.74
1,0,0,0,-1,0,1,4,0,0,0,0,0,0,1,0,0,0,0,0,0,3,0,-1,200,0,9223372036800000000,1e+75,0,10,0,0,7,0,0,1,0,0,1,1,0,0,0,0,0,0,2,0,1,-1,-1,-1,-1,0,10,-1,1,1,3,-1,-1,-1,0,0,1,0,0,10,0,0,0,16.65
1,0,0,0,-1,0,1,4,0,0,0,0,2,0,0,0,0,0,-1,0,0,3,0,-1,200,0,9223372036800000000,60,0,10,0,0,7,0,2,1,0,0,1,1,0,0,0,0,0,0,2,0,1,-1,-1,-1,-1,0,10,-1,1,1,3,-1,-1,-1,0,0,1,0,0,10,0,0,0,16.69
1,0,0,0,-1,0,1,4,0,0,0,0,2,0,0,0,0,0,-1,0,0,3,0,-1,25,0,9223372036800000000,1e+75,0,10,0,0,7,0,2,1,0,0,1,1,0,0,0,0,0,0,2,0,1,-1,-1,-1,-1,0,10,-1,1,1,3,-1,-1,-1,0,0,1,0,0,10,0,0,0,11.76
1,0,0,0,-1,0,1,4,0,0,0,0,0,0,3,0,0,0,0,0,0,3,0,-1,200,0,9223372036800000000,1e+75,0,10,0,0,7,0,0,1,0,0,1,1,0,0,0,0,0,0,2,0,1,-1,-1,-1,-1,0,10,-1,1,1,3,-1,-1,-1,0,0,1,0,0,10,0,0,0,76.27
1,0,0,0,-1,0,1,4,0,0,0,0,2,-1,0,0,0,0,-1,0,0,3,0,-1,200,0,9223372036800000000,1e+75,0,10,0,0,7,0,0,1,0,0,1,1,0,0,0,0,0,0,2,0,1,-1,-1,-1,-1,0,10,-1,1,1,3,-1,-1,-1,0,0,1,0,0,10,0,0,0,28.54
1,0,0,0,-1,0,1,4,0,0,0,0,2,0,0,-1,0,0,-1,0,0,3,0,-1,200,0,9223372036800000000,1e+75,0,10,0,0,7,0,0,1,0,0,1,1,0,0,0,0,0,0,2,0,1,-1,-1,-1,-1,0,10,-1,1,1,3,-1,-1,-1,0,0,1,0,0,10,0,0,0,11.81
1,0,0,0,-1,0,1,0,0,0,0,0,0,0,0,0,0,0,0,0,2,3,0,-1,200,0,9223372036800000000,1e+75,0,10,0,0,7,0,0,1,0,0,1,1,0,0,0,0,0,0,2,0,1,-1,-1,-1,-1,0,10,-1,1,1,3,-1,-1,-1,0,0,1,0,0,10,0,0,0,28.55
1,0,0,0,-1,0,1,0,0,0,0,0,2,0,0,0,0,0,-1,0,0,3,0,-1,200,0,9223372036800000000,1e+75,0,10,0,0,7,0,0,1,0,0,1,1,0,0,0,0,0,0,2,0,1,-1,-1,-1,-1,0,10,-1,1,1,3,-1,-1,-1,0,0,1,0,0,10,0,0,0,39.98
1,0,0,0,-1,0,1,4,0,0,0,0,2,0,0,0,0,0,-1,0,0,3,0,-1,200,0,9223372036800000000,1e+75,0,10,0,0,7,0,0,1,0,0,1,1,0,0,0,0,0,0,2,0,1,-1,-1,-1,-1,0,10,-1,1,1,3,-1,-1,-1,0,0,1,0,0,10,0,0,0,11.74
1,0,0,0,-1,0,1,4,0,0,0,0,2,0,0,0,0,0,-1,0,0,3,0,-1,200,0,9223372036800000000,1e+75,0,10,0,0,7,0,0,1,0,0,1,1,0,0,0,0,0,3,2,0,1,-1,-1,-1,-1,0,10,-1,1,1,3,-1,-1,-1,0,0,1,0,0,10,0,0,0,71.15
1,0,0,0,-1,0,1,0,0,0,0,0,0,0,0,0,0,1,0,0,0,3,0,-1,200,0,9223372036800000000,1e+75,0,10,0,0,7,0,0,1,0,0,1,1,0,0,0,0,0,0,2,0,1,-1,-1,-1,-1,0,10,-1,1,1,3,-1,-1,-1,0,0,1,0,0,10,0,0,0,68.74
1,0,0,0,-1,0,1,4,0,0,0,0,0,0,0,0,0,0,-1,0,0,3,0,-1,200,0,9223372036800000000,1e+75,0,10,0,0,7,0,0,1,0,0,1,1,0,0,0,0,0,0,2,0,1,-1,-1,-1,-1,0,10,-1,1,1,3,-1,-1,-1,0,0,1,0,0,10,0,0,0,16.63
1,0,0,0,-1,0,1,4,0,0,0,0,2,0,2,0,0,0,-1,0,0,3,0,-1,200,0,9223372036800000000,1e+75,0,10,0,0,7,0,0,1,0,0,1,1,0,0,0,0,0,0,2,0,1,-1,-1,-1,-1,0,10,-1,1,1,3,-1,-1,-1,0,0,1,0,0,10,0,0,0,11.74
1,0,0,0,-1,0,1,5,0,0,0,0,0,0,0,0,0,0,0,0,0,3,0,-1,200,0,9223372036800000000,1e+75,0,10,0,0,7,0,0,1,0,0,1,1,0,0,0,0,0,0,2,0,1,-1,-1,-1,-1,0,10,-1,1,1,3,-1,-1,-1,0,0,1,0,0,10,0,0,0,25
1,0,0,0,-1,0,1,4,0,0,0,0,2,0,0,0,0,0,-1,0,0,3,0,-1,200,0,9223372036800000000,1,0,10,0,0,7,0,2,1,0,0,1,1,0,0,0,0,0,0,2,0,1,-1,-1,-1,-1,0,10,-1,1,1,3,-1,-1,-1,0,0,1,0,0,10,0,0,0,16.69
1,0,0,0,-1,0,1,4,0,0,0,0,0,0,0,0,0,0,0,0,0,3,0,-1,200,0,9223372036800000000,1e+75,0,10,0,0,7,0,0,1,0,0,1,1,0,0,0,0,0,0,2,0,1,-1,-1,-1,-1,0,10,-1,1,1,3,-1,-1,-1,0,0,1,0,0,10,0,0,0,16.65
1,0,0,0,-1,0,1,0,0,0,0,0,1,0,0,0,0,0,0,0,0,3,0,-1,200,0,9223372036800000000,1e+75,0,10,0,0,7,0,0,1,0,0,1,1,0,0,0,0,0,0,2,0,1,-1,-1,-1,-1,0,10,-1,1,1,3,-1,-1,-1,0,0,1,0,0,10,0,0,0,24.98
1,0,0,0,-1,0,1,4,0,0,0,0,2,0,0,0,0,0,-1,0,0,3,0,-1,200,0,9223372036800000000,1e+75,0,10,0,0,7,0,0,1,0,0,1,1,0,0,0,0,0,2,2,0,1,-1,-1,-1,-1,0,10,-1,1,1,3,-1,-1,-1,0,0,1,0,0,10,0,0,0,70.82
1,0,0,0,-1,0,1,4,0,0,0,0,2,0,0,0,0,1,-1,0,0,3,0,-1,200,0,9223372036800000000,1e+75,0,10,0,0,7,0,0,1,0,0,1,1,0,0,0,0,0,0,2,0,1,-1,-1,-1,-1,0,10,-1,1,1,3,-1,-1,-1,0,0,1,0,0,10,0,0,0,16.68
1,0,0,0,-1,0,1,4,0,0,0,0,0,0,0,0,0,0,0,0,0,3,0,-1,100,0,9223372036800000000,1e+75,0,10,0,0,7,0,0,1,0,0,1,1,0,0,0,0,0,0,2,0,1,-1,-1,-1,-1,0,10,-1,1,1,3,-1,-1,-1,0,0,1,0,0,10,0,0,0,68.73
1,0,0,0,-1,0,1,0,0,0,0,0,0,0,0,0,0,0,0,0,1,3,0,-1,200,0,9223372036800000000,1e+75,0,10,0,0,7,0,0,1,0,0,1,1,0,0,0,0,0,0,2,0,1,-1,-1,-1,-1,0,10,-1,1,1,3,-1,-1,-1,0,0,1,0,0,10,0,0,0,24.98
1,0,0,0,-1,0,1,4,0,0,0,0,0,0,-1,0,0,0,0,0,0,3,0,-1,200,0,9223372036800000000,1e+75,0,10,0,0,7,0,0,1,0,0,1,1,0,0,0,0,0,0,2,0,1,-1,-1,-1,-1,0,10,-1,1,1,3,-1,-1,-1,0,0,1,0,0,10,0,0,0,16.65
1,0,0,0,-1,0,1,4,0,0,0,0,2,0,0,0,0,0,-1,0,0,3,0,-1,200,0,9223372036800000000,1e+75,0,10,0,0,7,0,2,1,0,0,1,1,3,0,0,0,0,0,2,0,1,-1,-1,-1,-1,0,10,-1,1,1,3,-1,-1,-1,0,0,1,0,0,10,0,0,0,69.38
1,0,0,0,-1,0,1,4,0,0,0,0,2,0,0,0,0,0,-1,0,0,3,0,-1,200,0,9223372036800000000,1e+75,0,10,0,0,7,0,0,1,0,0,1,1,0,0,0,0,0,-1,2,0,1,-1,-1,-1,-1,0,10,-1,1,1,3,-1,-1,-1,0,0,1,0,0,10,0,0,0,16.71
1,0,0,0,-1,0,1,4,0,0,0,0,2,0,0,0,0,0,-1,0,0,3,0,-1,200,0,9223372036800000000,1e+75,0,10,0,0,7,0,0,1,0,0,1,1,0,0,0,0,0,1,2,0,1,-1,-1,-1,-1,0,10,-1,1,1,3,-1,-1,-1,0,0,1,0,0,10,0,0,0,25.01
1,0,0,0,-1,0,1,4,0,0,0,0,2,0,0,2,0,0,-1,0,0,3,0,-1,200,0,9223372036800000000,1e+75,0,10,0,0,7,0,2,1,0,0,1,1,0,0,0,0,0,0,2,0,1,-1,-1,-1,-1,0,10,-1,1,1,3,-1,-1,-1,0,0,1,0,0,10,0,0,0,16.68
1,0,0,0,-1,0,1,4,0,0,0,0,2,0,0,0,0,0,-1,0,0,3,0,-1,200,0,9223372036800000000,1e+75,0,10,0,0,7,0,0,1,0,0,1,1,0,2,0,0,0,0,2,0,1,-1,-1,-1,-1,0,10,-1,1,1,3,-1,-1,-1,0,0,1,0,0,10,0,0,0,11.75
1,0,0,0,-1,0,1,0,0,0,0,0,0,0,0,0,0,0,0,0,0,3,0,-1,200,0,9223372036800000000,1e+75,0,10,0,0,7,0,0,1,0,0,1,1,0,0,0,0,0,0,2,0,1,-1,-1,-1,-1,0,10,-1,1,1,3,-1,-1,-1,0,0,1,0,0,10,0,0,0,24.98
1,0,0,0,-1,0,1,4,0,0,0,0,2,0,0,0,0,0,-1,0,0,3,0,-1,200,0,9223372036800000000,1e+75,0,10,0,0,7,0,0,1,0,0,1,1,0,0,0,0,0,4,2,0,1,-1,-1,-1,-1,0,10,-1,1,1,3,-1,-1,-1,0,0,1,0,0,10,0,0,0,11.74
1,0,0,0,-1,0,1,4,0,0,0,0,2,0,0,0,0,0,-1,0,0,3,0,-1,200,0,9223372036800000000,1e+75,0,10,0,0,7,0,0,1,0,0,0,1,0,0,0,0,0,0,2,0,1,-1,-1,-1,-1,0,10,-1,1,1,3,-1,-1,-1,0,0,1,0,0,10,0,0,0,16.69
1,0,0,0,-1,0,1,4,0,0,0,0,2,0,0,0,0,0,-1,0,0,3,0,-1,200,0,9223372036800000000,240,0,10,0,0,7,0,2,1,0,0,1,1,0,0,0,0,0,0,2,0,1,-1,-1,-1,-1,0,10,-1,1,1,3,-1,-1,-1,0,0,1,0,0,10,0,0,0,16.69
1,0,0,0,-1,0,1,4,0,0,0,0,2,0,0,0,0,0,-1,0,0,3,0,-1,200,0,9223372036800000000,1e+75,0,10,0,0,7,0,0,1,0,0,2,1,0,0,0,0,0,0,2,0,1,-1,-1,-1,-1,0,10,-1,1,1,3,-1,-1,-1,0,0,1,0,0,10,0,0,0,11.75
1,0,0,0,-1,0,1,4,0,0,0,0,2,0,0,0,0,0,-1,0,0,3,0,-1,200,0,9223372036800000000,1e+75,0,10,0,0,7,0,0,1,0,0,3,1,0,0,0,0,0,0,2,0,1,-1,-1,-1,-1,0,10,-1,1,1,3,-1,-1,-1,0,0,1,0,0,10,0,0,0,11.76
1,0,0,0,-1,0,1,4,0,0,0,0,2,0,0,0,0,0,-1,0,0,3,0,-1,200,0,9223372036800000000,1e+75,0,10,0,0,7,0,2,1,0,0,1,0,0,0,0,0,0,0,2,0,1,-1,-1,-1,-1,0,10,-1,1,1,3,-1,-1,-1,0,0,1,0,0,10,0,0,0,11.73
1,0,0,0,-1,0,1,4,0,0,0,0,2,0,0,0,0,0,-1,0,0,3,0,-1,200,0,9223372036800000000,1e+75,0,10,0,0,7,0,1,1,0,0,1,1,0,0,0,0,0,0,2,0,1,-1,-1,-1,-1,0,10,-1,1,1,3,-1,-1,-1,0,0,1,0,0,10,0,0,0,25.01
1,0,0,0,-1,0,1,4,0,0,0,0,2,0,0,0,0,0,-1,0,0,3,0,-1,200,0,9223372036800000000,1e+75,0,10,0,0,7,0,2,1,0,0,1,1,0,0,0,0,0,0,2,0,1,-1,-1,-1,-1,0,10,-1,1,1,3,-1,-1,-1,0,0,1,0,0,10,0,0,0,11.73
1,0,0,0,-1,0,1,4,0,0,0,0,2,0,3,0,0,0,-1,0,0,3,0,-1,200,0,9223372036800000000,1e+75,0,10,0,0,7,0,2,1,0,0,1,1,0,0,0,0,0,0,2,0,1,-1,-1,-1,-1,0,10,-1,1,1,3,-1,-1,-1,0,0,1,0,0,10,0,0,0,76.27
1,0,0,0,-1,0,1,4,0,0,0,0,2,0,1,0,0,0,-1,0,0,3,0,-1,200,0,9223372036800000000,1e+75,0,10,0,0,7,0,2,1,0,0,1,1,0,0,0,0,0,0,2,0,1,-1,-1,-1,-1,0,10,-1,1,1,3,-1,-1,-1,0,0,1,0,0,10,0,0,0,11.73
1,0,0,0,-1,0,1,4,0,0,0,0,2,0,0,0,0,-1,-1,0,0,3,0,-1,200,0,9223372036800000000,1e+75,0,10,0,0,7,0,0,1,0,0,1,1,0,0,0,0,0,0,2,0,1,-1,-1,-1,-1,0,10,-1,1,1,3,-1,-1,-1,0,0,1,0,0,10,0,0,0,21.12
1,0,0,0,-1,0,1,4,0,0,0,0,2,0,0,0,0,0,-1,0,0,3,0,-1,200,0,9223372036800000000,1e+75,0,10,0,0,7,0,0,1,0,0,1,1,0,-1,0,0,0,0,2,0,1,-1,-1,-1,-1,0,10,-1,1,1,3,-1,-1,-1,0,0,1,0,0,10,0,0,0,74.58
1,0,0,0,-1,0,1,4,0,0,0,0,2,0,0,0,0,0,-1,0,0,3,0,-1,200,0,9223372036800000000,2,0,10,0,0,7,0,2,1,0,0,1,1,0,0,0,0,0,0,2,0,1,-1,-1,-1,-1,0,10,-1,1,1,3,-1,-1,-1,0,0,1,0,0,10,0,0,0,16.69
1,0,0,0,-1,0,1,4,0,0,0,0,-1,0,0,0,0,0,-1,0,0,3,0,-1,200,0,9223372036800000000,1e+75,0,10,0,0,7,0,2,1,0,0,1,1,0,0,0,0,0,0,2,0,1,-1,-1,-1,-1,0,10,-1,1,1,3,-1,-1,-1,0,0,1,0,0,10,0,0,0,11.8
1,0,0,0,-1,0,1,4,0,0,0,0,2,0,0,0,1,0,-1,0,0,3,0,-1,200,0,9223372036800000000,1e+75,0,10,0,0,7,0,2,1,0,0,1,1,0,0,0,0,0,0,2,0,1,-1,-1,-1,-1,0,10,-1,1,1,3,-1,-1,-1,0,0,1,0,0,10,0,0,0,11.73
1,0,0,0,-1,0,1,4,0,0,0,0,2,0,0,0,0,0,-1,0,0,3,0,-1,200,0,9223372036800000000,0,0,10,0,0,7,0,2,1,0,0,1,1,0,0,0,0,0,0,2,0,1,-1,-1,-1,-1,0,10,-1,1,1,3,-1,-1,-1,0,0,1,0,0,10,0,0,0,37.48
1,0,0,0,-1,0,1,4,0,0,0,0,2,0,0,0,0,0,-1,0,0,3,0,-1,200,0,9223372036800000000,5,0,10,0,0,7,0,2,1,0,0,1,1,0,0,0,0,0,0,2,0,1,-1,-1,-1,-1,0,10,-1,1,1,3,-1,-1,-1,0,0,1,0,0,10,0,0,0,16.69
1,0,0,0,-1,0,1,4,0,0,0,0,2,0,0,0,0,0,-1,0,0,3,0,-1,200,0,9223372036800000000,10,0,10,0,0,7,0,2,1,0,0,1,1,0,0,0,0,0,0,2,0,1,-1,-1,-1,-1,0,10,-1,1,1,3,-1,-1,-1,0,0,1,0,0,10,0,0,0,16.69
1,0,0,0,-1,0,1,4,0,0,0,0,2,0,0,0,0,0,-1,0,0,3,0,-1,200,0,9223372036800000000,1e+75,0,10,0,0,7,1,2,1,0,0,1,1,0,0,0,0,0,0,2,0,1,-1,-1,-1,-1,0,10,-1,1,1,3,-1,-1,-1,0,0,1,0,0,10,0,0,0,24.99
1,0,0,0,-1,0,1,4,0,0,0,0,2,0,0,0,0,0,-1,0,0,3,0,-1,200,0,9223372036800000000,20,0,10,0,0,7,0,2,1,0,0,1,1,0,0,0,0,0,0,2,0,1,-1,-1,-1,-1,0,10,-1,1,1,3,-1,-1,-1,0,0,1,0,0,10,0,0,0,16.69
1,0,0,0,-1,0,1,4,0,0,0,0,2,0,0,0,0,0,-1,0,0,3,0,-1,200,0,9223372036800000000,1e+75,0,10,0,0,7,0,0,1,0,0,1,1,0,1,0,0,0,0,2,0,1,-1,-1,-1,-1,0,10,-1,1,1,3,-1,-1,-1,0,0,1,0,0,10,0,0,0,21.04
1,0,0,0,-1,0,1,4,0,0,0,0,2,0,0,0,0,0,-1,0,0,3,0,-1,200,0,9223372036800000000,30,0,10,0,0,7,0,2,1,0,0,1,1,0,0,0,0,0,0,2,0,1,-1,-1,-1,-1,0,10,-1,1,1,3,-1,-1,-1,0,0,1,0,0,10,0,0,0,16.69
1,0,0,0,-1,0,1,4,0,0,0,0,2,0,0,0,0,0,-1,0,0,3,0,-1,200,0,9223372036800000000,40,0,10,0,0,7,0,2,1,0,0,1,1,0,0,0,0,0,0,2,0,1,-1,-1,-1,-1,0,10,-1,1,1,3,-1,-1,-1,0,0,1,0,0,10,0,0,0,16.69
1,0,0,0,-1,0,1,4,0,0,0,0,2,0,0,0,0,0,-1,0,0,3,0,-1,200,0,9223372036800000000,1e+75,0,10,0,0,30,0,2,1,0,0,1,1,0,0,0,0,0,0,2,0,1,-1,-1,-1,-1,0,10,-1,1,1,3,-1,-1,-1,0,0,1,0,0,10,0,0,0,11.73
1,0,0,0,-1,0,1,4,0,0,0,0,2,0,0,0,0,0,-1,0,0,3,0,-1,200,0,9223372036800000000,120,0,10,0,0,7,0,2,1,0,0,1,1,0,0,0,0,0,0,2,0,1,-1,-1,-1,-1,0,10,-1,1,1,3,-1,-1,-1,0,0,1,0,0,10,0,0,0,16.69
1,0,0,0,-1,0,1,4,0,0,0,0,2,0,0,0,0,0,-1,0,0,3,0,-1,200,0,9223372036800000000,1e+75,0,10,0,0,7,0,2,1,0,0,1,1,0,0,-1,0,0,0,2,0,1,-1,-1,-1,-1,0,10,-1,1,1,3,-1,-1,-1,0,0,1,0,0,10,0,0,0,66.64
1,0,0,0,-1,0,1,4,0,0,0,0,2,0,0,0,0,0,-1,0,0,3,0,4,200,0,9223372036800000000,1e+75,0,10,0,0,7,0,2,1,0,0,1,1,0,0,0,0,0,0,2,0,1,-1,-1,-1,-1,0,10,-1,1,1,3,-1,-1,-1,0,0,1,0,0,10,0,0,0,11.73
1,0,0,0,-1,0,1,4,0,0,0,0,2,0,0,0,0,0,-1,0,0,3,0,-1,200,0,9223372036800000000,1e+75,0,10,0,0,7,0,2,1,0,0,1,1,0,0,20,0,0,0,2,0,1,-1,-1,-1,-1,0,10,-1,1,1,3,-1,-1,-1,0,0,1,0,0,10,0,0,0,16.62
1,0,0,0,-1,0,1,4,0,0,0,0,2,0,0,0,0,0,-1,0,0,3,0,-1,200,0,9223372036800000000,1e+75,0,10,0,0,0,0,2,1,0,0,1,1,0,0,0,0,0,0,2,0,1,-1,-1,-1,-1,0,10,-1,1,1,3,-1,-1,-1,0,0,1,0,0,10,0,0,0,11.73
1,0,0,0,-1,0,1,4,0,0,0,0,2,0,0,0,0,0,-1,0,0,3,0,-1,200,0,9223372036800000000,50,0,10,0,0,7,0,2,1,0,0,1,1,0,0,0,0,0,0,2,0,1,-1,-1,-1,-1,0,10,-1,1,1,3,-1,-1,-1,0,0,1,0,0,10,0,0,0,16.69
1,0,0,0,-1,0,1,4,0,0,0,0,2,0,0,0,0,0,-1,0,0,3,0,-1,200,0,9223372036800000000,1e+75,0,10,0,0,7,0,2,1,0,0,1,1,0,0,40,0,0,0,2,0,1,-1,-1,-1,-1,0,10,-1,1,1,3,-1,-1,-1,0,0,1,0,0,10,0,0,0,16.67
