1,0,0,0,-1,0,1,3,0,0,0,0,1,0,1,-1,0,0,2,2,1,3,0,1,25,0,9223372036800000000,1e+75,0,10,0,0,7,0,0,1,0,0,1,1,0,0,-1,0,0,0,2,0,1,-1,-1,-1,-1,1,40,-1,1,1,3,-1,-1,-1,0,0,1,0,0,10,0,0,0,3.1
1,0,0,0,-1,0,1,3,0,0,0,0,1,0,1,-1,0,0,2,2,1,3,0,1,25,0,9223372036800000000,1e+75,0,10,0,0,7,0,0,1,0,0,1,1,0,0,-1,0,0,0,2,0,1,-1,-1,-1,-1,1,10,-1,1,1,3,-1,-1,-1,0,0,1,0,0,10,4,0,0,3.1
1,0,0,0,-1,0,1,3,0,0,0,0,1,0,1,-1,0,0,2,2,1,3,0,1,25,0,9223372036800000000,1e+75,0,10,0,0,7,0,0,1,0,0,1,1,0,0,-1,0,0,0,2,0,1,-1,-1,-1,-1,1,10,-1,1,1,3,-1,-1,-1,0,0,1,2,0,10,0,0,0,3.21
1,0,0,0,-1,0,1,0,0,0,0,0,0,0,-1,-1,-1,-1,2,-1,1,3,0,1,200,0,9223372036800000000,1e+75,0,10,0,0,30,0,0,1,20,0,2,1,0,0,20,0,2,0,2,0,1,-1,-1,-1,-1,-1,10,-1,1,1,3,-1,-1,0,0,0,1,0,0,10,0,0,0,8.38
1,0,0,0,-1,0,1,0,0,0,0,0,0,0,-1,-1,-1,-1,2,-1,1,3,0,1,200,0,9223372036800000000,1e+75,0,10,0,0,2,0,0,1,20,0,2,1,0,0,20,0,2,0,2,0,1,-1,-1,-1,-1,-1,10,-1,1,1,3,-1,-1,2,0,0,1,0,0,10,0,0,0,8.63
1,0,0,0,-1,0,1,0,0,0,0,0,0,0,-1,-1,-1,-1,1,-1,1,3,0,1,200,0,9223372036800000000,1e+75,0,10,0,0,10,0,0,1,20,0,2,1,0,0,0,0,2,0,2,0,1,-1,-1,-1,-1,-1,10,-1,1,1,3,-1,-1,2,0,0,1,0,0,10,0,0,0,10.21
1,0,0,0,-1,0,1,0,0,0,0,0,0,0,-1,-1,-1,-1,2,-1,0,3,0,1,200,0,9223372036800000000,1e+75,0,10,0,0,10,0,0,1,20,0,2,1,0,0,0,0,2,0,2,0,1,-1,-1,-1,-1,-1,10,-1,1,1,3,-1,-1,2,0,0,1,0,0,10,0,0,0,9.51
1,0,0,0,-1,0,1,0,0,0,0,0,0,0,-1,-1,-1,-1,2,-1,1,3,0,4,200,0,9223372036800000000,1e+75,0,10,0,0,10,0,0,1,20,0,2,1,0,0,0,0,2,0,2,0,1,-1,-1,-1,-1,-1,10,-1,1,1,3,-1,-1,2,0,0,1,0,0,10,0,0,0,10.13
1,0,0,0,-1,0,1,0,0,0,0,0,0,0,-1,-1,-1,-1,2,-1,1,3,0,1,200,0,9223372036800000000,1e+75,0,10,0,0,10,0,0,1,20,0,2,1,0,0,60,0,2,0,2,0,1,-1,-1,-1,-1,-1,10,-1,1,1,3,-1,-1,2,0,0,1,0,0,10,0,0,0,9.72
1,0,0,0,-1,0,1,0,0,0,0,0,0,0,-1,-1,2,-1,2,-1,1,3,0,1,200,0,9223372036800000000,1e+75,0,10,0,0,10,0,0,1,20,0,2,1,0,0,0,0,2,0,2,0,1,-1,-1,-1,-1,-1,10,-1,1,1,3,-1,-1,2,0,0,1,0,0,10,0,0,0,9.51
1,0,0,0,-1,0,1,0,0,0,0,0,0,0,-1,-1,-1,-1,2,-1,1,3,0,16,200,0,9223372036800000000,1e+75,0,10,0,0,10,0,0,1,20,0,2,1,0,0,0,0,2,0,2,0,1,-1,-1,-1,-1,-1,10,-1,1,1,3,-1,-1,2,0,0,1,0,0,10,0,0,0,10.13
1,0,0,0,-1,0,1,3,0,0,0,0,1,0,0,0,-1,1,1,-1,0,3,0,-1,800,0,9223372036800000000,1e+75,0,10,0,0,5,0,0,1,1000,0,1,1,0,0,20,0,0,0,2,0,1,-1,-1,-1,-1,-1,10,-1,1,1,3,-1,-1,3,0,0,1,0,0,10,0,0,0,4
1,0,0,0,-1,0,1,3,0,0,0,0,1,0,0,0,-1,1,1,-1,0,3,0,-1,800,0,9223372036800000000,1e+75,0,10,0,0,5,0,0,1,20,0,1,1,0,0,20,0,0,0,2,0,1,-1,-1,-1,-1,-1,10,-1,1,1,3,-1,-1,4,0,0,1,0,0,10,0,0,0,4.15
1,0,0,0,-1,0,1,0,0,0,0,0,1,0,0,0,-1,1,1,-1,0,3,0,-1,800,0,9223372036800000000,1e+75,0,10,0,0,5,0,0,1,1000,0,1,1,0,0,20,0,0,0,2,0,1,-1,-1,-1,-1,-1,10,-1,1,1,3,-1,-1,4,0,0,1,0,0,10,0,0,0,5.7
1,0,0,0,-1,0,1,5,0,0,0,0,1,0,0,0,-1,1,1,-1,0,3,0,-1,800,0,9223372036800000000,1e+75,0,10,0,0,5,0,0,1,1000,0,1,1,0,0,20,0,0,0,2,0,1,-1,-1,-1,-1,-1,10,-1,1,1,3,-1,-1,4,0,0,1,0,0,10,0,0,0,7.1
1,0,0,0,-1,0,1,3,0,0,0,0,1,0,0,0,-1,1,1,-1,0,3,0,-1,800,0,9223372036800000000,1e+75,0,10,0,0,5,0,0,1,1000,0,1,1,0,0,20,0,0,0,2,0,1,-1,-1,-1,-1,0,10,-1,1,1,3,-1,-1,4,0,0,1,0,0,10,0,0,0,4
1,0,0,0,-1,0,1,3,0,0,0,0,1,0,0,0,-1,1,1,1,0,3,0,-1,200,0,9223372036800000000,1e+75,0,10,0,0,5,0,0,1,1000,0,1,1,0,0,20,0,0,0,2,0,1,-1,-1,-1,-1,-1,10,-1,1,1,3,-1,-1,4,0,0,1,0,0,10,0,0,0,4
1,0,0,0,-1,0,1,3,0,0,0,0,1,0,0,0,-1,1,1,1,0,3,0,16,800,0,9223372036800000000,1e+75,0,10,0,0,5,0,0,1,1000,0,1,1,0,0,1000,0,0,0,2,0,1,-1,-1,-1,-1,-1,10,-1,1,1,3,-1,-1,4,0,0,1,0,0,10,0,0,0,4.87
1,0,0,0,-1,0,1,3,0,0,0,0,1,0,0,0,-1,1,1,1,0,3,0,-1,800,0,9223372036800000000,1e+75,0,10,0,0,5,0,0,1,1000,0,1,1,0,0,1000,0,0,0,2,0,1,-1,-1,-1,-1,-1,10,-1,1,1,3,-1,-1,4,0,0,1,0,0,10,0,0,0,4.31
1,0,0,0,-1,0,1,3,0,0,0,0,2,0,-1,2,0,1,2,-1,0,3,0,-1,150,0,9223372036800000000,1e+75,0,10,0,0,5,0,0,1,40,0,2,1,0,0,-1,0,1,0,2,0,1,-1,-1,-1,-1,0,10,-1,1,1,3,-1,-1,4,0,0,1,0,0,10,0,0,0,9.07
1,0,0,0,-1,0,1,3,0,0,0,0,2,0,-1,2,0,1,2,-1,0,3,0,-1,150,0,9223372036800000000,1e+75,0,10,0,0,5,0,0,1,40,0,2,1,0,0,500,0,3,0,2,0,1,-1,-1,-1,-1,0,10,-1,1,1,3,-1,-1,4,0,0,1,0,0,10,0,0,0,11.11
1,0,0,0,-1,0,1,3,0,0,0,0,2,0,-1,2,0,1,2,-1,0,3,0,-1,150,0,9223372036800000000,1e+75,0,10,0,0,0,0,0,1,40,0,2,1,0,0,-1,0,3,0,2,0,1,-1,-1,-1,-1,0,10,-1,1,1,3,-1,-1,4,0,0,1,0,0,10,0,0,0,11.84
1,0,0,0,-1,0,1,0,0,0,0,0,0,0,1,-1,-1,-1,2,-1,1,3,0,1,200,0,9223372036800000000,1e+75,0,10,0,0,10,0,0,1,20,0,2,1,0,0,0,0,2,0,2,0,1,-1,-1,-1,-1,-1,10,-1,1,1,3,-1,-1,2,0,0,1,0,0,10,0,0,0,10.6
1,0,0,0,-1,0,1,3,0,0,0,0,2,0,-1,2,0,1,2,2,0,3,0,-1,150,0,9223372036800000000,1e+75,0,10,0,0,5,0,0,1,40,0,2,1,0,0,-1,0,3,0,2,0,1,-1,-1,-1,-1,0,10,-1,1,1,3,-1,-1,4,0,0,1,0,0,10,0,0,0,12.78
1,0,0,0,-1,0,1,3,0,0,0,0,2,0,-1,2,0,1,2,-1,0,3,0,-1,150,0,9223372036800000000,1e+75,0,10,0,0,5,0,0,1,40,0,2,1,0,0,20,0,3,0,2,0,1,-1,-1,-1,-1,0,10,-1,1,1,3,-1,-1,4,0,0,1,0,0,10,0,0,0,11.19
1,0,0,0,-1,0,1,3,0,0,0,0,2,0,-1,2,0,1,2,-1,0,3,0,-1,150,0,9223372036800000000,1e+75,0,10,0,0,5,0,0,1,40,0,2,1,0,0,-1,0,3,0,2,0,1,-1,-1,-1,-1,1,10,-1,1,1,3,-1,-1,4,0,0,1,0,0,10,0,0,0,11.88
1,0,0,0,-1,0,1,3,0,0,0,0,2,0,-1,2,0,1,2,-1,0,3,0,-1,150,0,9223372036800000000,1e+75,0,10,0,0,5,0,0,1,40,0,2,1,0,0,-1,0,3,0,2,0,1,-1,-1,-1,-1,0,10,-1,1,1,3,-1,-1,4,0,0,1,0,0,10,0,0,0,10.58
1,0,0,0,-1,0,1,3,0,0,0,0,2,0,-1,2,0,1,2,-1,0,3,0,-1,150,0,9223372036800000000,1e+75,0,10,0,0,5,0,0,1,40,0,2,1,0,0,0,0,3,0,2,0,1,-1,-1,-1,-1,0,10,-1,1,1,3,-1,-1,1,0,0,1,0,0,10,0,0,0,11.25
1,0,0,0,-1,0,1,3,0,0,0,0,2,0,-1,2,0,1,2,-1,0,3,0,-1,150,0,9223372036800000000,1e+75,0,10,0,0,5,0,0,1,40,0,2,1,0,0,0,0,5,0,2,0,1,-1,-1,-1,-1,0,10,-1,1,1,3,-1,-1,4,0,0,1,0,0,10,0,0,0,12.48
1,0,0,0,-1,0,1,3,0,0,0,0,2,0,2,0,2,2,-1,2,1,3,0,16,10,0,9223372036800000000,1e+75,0,10,0,0,2,0,0,1,100,0,0,1,0,0,20,0,1,0,2,0,1,-1,-1,-1,-1,0,10,-1,1,1,3,-1,-1,-1,0,0,1,0,0,10,0,0,0,10.1
1,0,0,0,-1,0,1,3,0,0,0,0,1,0,0,0,-1,1,1,-1,0,3,0,-1,800,0,9223372036800000000,1e+75,0,10,0,0,5,0,0,1,1000,0,1,1,0,0,20,0,0,0,2,0,1,-1,-1,-1,-1,-1,10,-1,1,1,3,-1,-1,4,0,0,1,0,0,10,0,0,0,3.99
1,0,0,0,-1,0,1,3,0,0,0,0,2,0,2,0,2,2,-1,2,1,3,0,16,10,0,9223372036800000000,1e+75,0,10,0,0,2,0,0,1,100,0,0,1,0,0,20,0,4,0,2,0,1,-1,-1,-1,-1,1,10,-1,1,1,3,-1,-1,1,0,0,1,0,0,10,0,0,0,12.38
1,0,0,0,-1,0,1,3,0,0,0,0,2,0,2,0,2,2,-1,2,1,3,0,16,10,0,9223372036800000000,1e+75,0,10,0,0,2,0,0,1,500,0,0,1,0,0,20,0,1,0,2,0,1,-1,-1,-1,-1,1,10,-1,1,1,3,-1,-1,1,0,0,1,0,0,10,0,0,0,10.14
1,0,0,0,-1,0,1,3,0,0,0,0,2,0,2,0,2,2,-1,2,1,3,0,16,25,0,9223372036800000000,1e+75,0,10,0,0,2,0,0,1,100,0,0,1,0,0,20,0,1,0,2,0,1,-1,-1,-1,-1,1,10,-1,1,1,3,-1,-1,1,0,0,1,0,0,10,0,0,0,10.13
1,0,0,0,-1,0,1,3,0,0,0,0,2,0,2,0,2,2,-1,0,1,3,0,16,10,0,9223372036800000000,1e+75,0,10,0,0,2,0,0,1,100,0,0,1,0,0,20,0,1,0,2,0,1,-1,-1,-1,-1,1,10,-1,1,1,3,-1,-1,1,0,0,1,0,0,10,0,0,0,10.14
1,0,0,0,-1,0,1,3,0,0,0,0,2,0,2,0,2,2,-1,2,1,3,0,16,10,0,9223372036800000000,1e+75,0,10,0,0,2,0,0,1,100,0,0,1,0,0,20,0,1,0,2,0,1,-1,-1,-1,-1,1,10,-1,1,1,3,-1,-1,4,0,0,1,0,0,10,0,0,0,10.13
1,0,0,0,-1,0,1,3,0,0,0,0,2,0,2,0,2,2,-1,2,1,3,0,16,10,0,9223372036800000000,1e+75,0,10,0,0,2,0,0,1,20,0,0,1,0,0,20,0,1,0,2,0,1,-1,-1,-1,-1,1,10,-1,1,1,3,-1,-1,-1,0,0,1,0,0,10,0,0,0,11.47
1,0,0,0,-1,0,1,3,0,0,0,0,2,0,2,0,2,2,-1,2,1,3,0,16,10,0,9223372036800000000,1e+75,0,10,0,0,2,0,0,1,20,0,0,1,0,0,20,0,2,0,2,0,1,-1,-1,-1,-1,1,10,-1,1,1,3,-1,-1,1,0,0,1,0,0,10,0,0,0,13.5
1,0,0,0,-1,0,1,3,0,0,0,0,2,0,2,0,-1,2,-1,2,1,3,0,16,10,0,9223372036800000000,1e+75,0,10,0,0,2,0,0,1,20,0,0,1,0,0,40,0,1,0,2,0,1,-1,-1,-1,-1,1,10,-1,1,1,3,-1,-1,1,0,0,1,0,0,10,0,0,0,11.68
1,0,0,0,-1,0,1,5,0,0,0,0,2,0,-1,0,1,2,-1,2,0,3,0,2,200,0,9223372036800000000,1e+75,0,10,0,0,10,0,0,1,-1,0,1,1,0,0,1000,0,2,0,2,0,1,-1,-1,-1,-1,0,10,-1,1,1,3,-1,-1,3,0,0,1,0,0,10,0,0,0,4.7
1,0,0,0,-1,0,1,5,0,0,0,0,2,0,-1,0,1,2,-1,2,0,3,0,2,200,0,9223372036800000000,1e+75,0,10,0,0,10,0,0,1,-1,0,3,1,0,0,1000,0,2,0,2,0,1,-1,-1,-1,-1,0,10,-1,1,1,3,-1,-1,1,0,0,1,0,0,10,0,0,0,9.42
1,0,0,0,-1,0,1,5,0,0,0,0,2,0,-1,0,1,2,-1,2,0,3,0,2,50,0,9223372036800000000,1e+75,0,10,0,0,10,0,0,1,-1,0,3,1,0,0,20,0,2,0,2,0,1,-1,-1,-1,-1,0,10,-1,1,1,3,-1,-1,3,0,0,1,0,0,10,0,0,0,9.43
1,0,0,0,-1,0,1,3,0,0,0,0,2,0,2,0,2,2,-1,2,1,3,0,16,10,0,9223372036800000000,1e+75,0,10,0,0,2,0,0,1,20,0,0,1,0,0,20,0,1,0,2,0,1,-1,-1,-1,-1,1,10,-1,1,1,3,-1,-1,4,0,0,1,0,0,10,0,0,0,11.47
1,0,0,0,-1,0,1,5,0,0,0,0,2,0,-1,0,1,2,1,2,0,3,0,2,200,0,9223372036800000000,1e+75,0,10,0,0,10,0,0,1,-1,0,3,1,0,0,20,0,2,0,2,0,1,-1,-1,-1,-1,0,10,-1,1,1,3,-1,-1,3,0,0,1,0,0,10,0,0,0,9.43
1,0,0,0,-1,0,1,5,0,0,0,0,2,0,-1,0,1,2,-1,2,0,3,0,2,800,0,9223372036800000000,1e+75,0,10,0,0,10,0,0,1,-1,0,3,1,0,0,20,0,2,0,2,0,1,-1,-1,-1,-1,0,10,-1,1,1,3,-1,-1,3,0,0,1,0,0,10,0,0,0,9.43
1,0,0,0,-1,0,1,5,0,0,0,0,2,0,-1,0,1,2,-1,2,-1,3,0,2,200,0,9223372036800000000,1e+75,0,10,0,0,10,0,0,1,-1,0,3,1,0,0,20,0,2,0,2,0,1,-1,-1,-1,-1,0,10,-1,1,1,3,-1,-1,3,0,0,1,0,0,10,0,0,0,9.43
1,0,0,0,-1,0,1,3,0,0,0,0,2,0,-1,2,0,1,-1,-1,0,3,0,-1,150,0,9223372036800000000,1e+75,0,10,0,0,5,0,0,1,40,0,2,1,0,0,0,0,3,0,2,0,1,-1,-1,-1,-1,0,10,-1,1,1,3,-1,-1,4,0,0,1,0,0,10,0,0,0,11.25
1,0,0,0,-1,0,1,5,0,0,0,0,2,0,-1,0,1,2,-1,2,0,3,0,2,25,0,9223372036800000000,1e+75,0,10,0,0,10,0,0,1,-1,0,3,1,0,0,20,0,2,0,2,0,1,-1,-1,-1,-1,0,10,-1,1,1,3,-1,-1,3,0,0,1,0,0,10,0,0,0,9.43
1,0,0,0,-1,0,1,5,0,0,0,0,2,0,-1,0,1,2,-1,2,0,3,0,8,10,0,9223372036800000000,1e+75,0,10,0,0,10,0,0,1,-1,0,3,1,0,0,20,0,2,0,2,0,1,-1,-1,-1,-1,0,10,-1,1,1,3,-1,-1,3,0,0,1,0,0,10,0,0,0,9.98
1,0,0,0,-1,0,1,5,0,0,0,0,2,0,-1,0,1,2,0,2,0,3,0,8,200,0,9223372036800000000,1e+75,0,10,0,0,10,0,0,1,-1,0,3,1,0,0,20,0,2,0,2,0,1,-1,-1,-1,-1,0,10,-1,1,1,3,-1,-1,3,0,0,1,0,0,10,0,0,0,9.45
1,0,0,0,-1,0,1,5,0,0,0,0,2,0,-1,0,1,2,-1,2,0,3,0,8,200,0,9223372036800000000,1e+75,0,10,0,0,10,0,0,1,0,0,3,1,0,0,20,0,2,0,2,0,1,-1,-1,-1,-1,0,10,-1,1,1,3,-1,-1,3,0,0,1,0,0,10,0,0,0,10.7
1,0,0,0,-1,0,1,1,0,0,0,0,0,0,1,1,2,0,0,2,1,3,0,8,10,0,9223372036800000000,1e+75,0,10,0,0,7,0,0,1,20,0,3,1,0,0,60,0,2,0,2,0,1,-1,-1,-1,-1,0,10,-1,1,1,3,-1,-1,1,0,0,1,0,0,10,0,0,0,11.62
1,0,0,0,-1,0,1,1,0,0,0,0,0,0,1,1,2,0,0,2,1,3,0,8,10,0,9223372036800000000,1e+75,0,10,0,0,7,0,0,1,20,0,3,1,0,0,60,0,2,0,2,0,1,-1,-1,-1,-1,0,10,-1,1,1,3,-1,-1,4,0,0,1,0,0,10,0,0,0,10.02
1,0,0,0,-1,0,1,1,0,0,0,0,0,0,1,1,2,0,0,0,1,3,0,8,10,0,9223372036800000000,1e+75,0,10,0,0,7,0,0,1,20,0,3,1,0,0,60,0,3,0,2,0,1,-1,-1,-1,-1,0,10,-1,1,1,3,-1,-1,4,0,0,1,0,0,10,0,0,0,11.74
1,0,0,0,-1,0,1,1,0,0,0,0,0,0,1,1,2,0,0,0,1,3,0,8,10,0,9223372036800000000,1e+75,0,10,0,0,7,0,0,1,20,0,3,1,0,0,60,0,2,0,2,0,1,-1,-1,-1,-1,0,10,-1,1,1,3,-1,-1,4,0,0,1,0,0,10,0,0,0,11.58
1,0,0,0,-1,0,1,1,0,0,0,0,0,0,1,1,2,0,0,0,1,3,0,8,800,0,9223372036800000000,1e+75,0,10,0,0,7,0,0,1,20,0,3,1,0,0,60,0,4,0,2,0,1,-1,-1,-1,-1,0,10,-1,1,1,3,-1,-1,4,0,0,1,0,0,10,0,0,0,13.14
1,0,0,0,-1,0,1,1,0,0,0,0,0,0,-1,1,2,0,0,0,1,3,0,8,10,0,9223372036800000000,1e+75,0,10,0,0,7,0,0,1,20,0,3,1,0,0,60,0,4,0,2,0,1,-1,-1,-1,-1,0,10,-1,1,1,3,-1,-1,4,0,0,1,0,0,10,0,0,0,13.14
1,0,0,0,-1,0,1,0,0,0,0,0,0,0,-1,-1,-1,-1,2,-1,1,3,0,1,200,0,9223372036800000000,1e+75,0,10,0,0,10,0,0,1,20,0,2,1,0,0,20,0,2,0,2,0,1,-1,-1,-1,-1,-1,10,-1,1,1,3,-1,-1,2,0,0,1,0,0,10,0,0,0,9.08
1,0,0,0,-1,0,1,1,0,0,0,0,0,0,1,1,2,0,0,0,1,3,0,8,10,0,9223372036800000000,1e+75,0,10,0,0,7,0,0,1,-1,0,3,1,0,0,60,0,4,0,2,0,1,-1,-1,-1,-1,0,10,-1,1,1,3,-1,-1,4,0,0,1,0,0,10,0,0,0,14.32
1,0,0,0,-1,0,1,1,0,0,0,0,0,0,1,1,2,0,0,0,1,3,0,8,10,0,9223372036800000000,1e+75,0,10,0,0,7,0,0,1,20,0,3,1,0,0,100,0,4,0,2,0,1,-1,-1,-1,-1,0,10,-1,1,1,3,-1,-1,4,0,0,1,0,0,10,0,0,0,13.14
1,0,0,0,-1,0,1,1,0,0,0,0,0,0,1,0,2,0,0,0,1,3,0,8,10,0,9223372036800000000,1e+75,0,10,0,0,7,0,0,1,20,0,3,1,0,0,60,0,4,0,2,0,1,-1,-1,-1,-1,0,10,-1,1,1,3,-1,-1,4,0,0,1,0,0,10,0,0,0,11.99
1,0,0,0,-1,0,1,1,0,0,0,0,0,0,1,1,-1,0,0,0,1,3,0,8,10,0,9223372036800000000,1e+75,0,10,0,0,7,0,0,1,20,0,3,1,0,0,60,0,4,0,2,0,1,-1,-1,-1,-1,0,10,-1,1,1,3,-1,-1,4,0,0,1,0,0,10,0,0,0,11.94
1,0,0,0,-1,0,1,1,0,0,0,0,0,0,1,1,2,0,0,2,1,3,0,8,10,0,9223372036800000000,1e+75,0,10,0,0,7,0,0,1,20,0,3,1,0,0,1000,0,4,0,2,0,1,-1,-1,-1,-1,0,10,-1,1,1,3,-1,-1,4,0,0,1,0,0,10,0,0,0,15.01
1,0,0,0,-1,0,1,1,0,0,0,0,0,0,1,1,2,0,0,2,1,3,0,8,10,0,9223372036800000000,1e+75,0,10,0,0,7,0,0,1,20,0,3,1,0,0,60,0,4,0,2,0,1,-1,-1,-1,-1,0,10,-1,1,1,3,-1,-1,4,0,0,1,0,0,10,0,0,0,14.94
1,0,0,0,-1,0,1,1,0,0,0,0,2,0,0,-1,2,2,-1,2,2,3,0,4,150,0,9223372036800000000,1e+75,0,10,0,0,5,0,0,1,0,0,1,1,0,0,40,0,3,0,2,0,1,-1,-1,-1,-1,-1,10,-1,1,1,3,-1,-1,-1,0,0,1,0,0,10,0,0,0,10.35
1,0,0,0,-1,0,1,1,0,0,0,0,2,0,1,-1,2,2,-1,2,2,3,0,4,150,0,9223372036800000000,1e+75,0,10,0,0,5,0,0,1,1000,0,1,1,0,0,40,0,3,0,2,0,1,-1,-1,-1,-1,-1,10,-1,1,1,3,-1,-1,3,0,0,1,0,0,10,0,0,0,10.71
1,0,0,0,-1,0,1,1,0,0,0,0,2,0,0,-1,2,2,-1,2,2,3,0,4,150,0,9223372036800000000,1e+75,0,10,0,0,5,0,0,1,1000,0,0,1,0,0,40,0,5,0,2,0,1,-1,-1,-1,-1,-1,10,-1,1,1,3,-1,-1,3,0,0,1,0,0,10,0,0,0,13.6
1,0,0,0,-1,0,1,1,0,0,0,0,2,0,0,-1,2,2,-1,2,2,3,0,4,150,0,9223372036800000000,1e+75,0,10,0,0,5,0,0,1,1000,0,1,1,0,0,1000,0,5,0,2,0,1,-1,-1,-1,-1,-1,10,-1,1,1,3,-1,-1,1,0,0,1,0,0,10,0,0,0,11.25
1,0,0,0,-1,0,1,1,0,0,0,0,2,0,0,-1,2,2,-1,0,2,3,0,4,150,0,9223372036800000000,1e+75,0,10,0,0,5,0,0,1,1000,0,1,1,0,0,1000,0,5,0,2,0,1,-1,-1,-1,-1,-1,10,-1,1,1,3,-1,-1,3,0,0,1,0,0,10,0,0,0,11.41
1,0,0,0,-1,0,1,0,0,0,0,0,0,0,-1,-1,-1,-1,2,-1,1,3,0,1,200,0,9223372036800000000,1e+75,0,10,0,0,10,0,0,1,0,0,2,1,0,0,0,0,2,0,2,0,1,-1,-1,-1,-1,-1,10,-1,1,1,3,-1,-1,2,0,0,1,0,0,10,0,0,0,9.72
1,0,0,0,-1,0,1,1,0,0,0,0,2,0,0,-1,2,2,-1,2,2,3,0,4,150,0,9223372036800000000,1e+75,0,10,0,0,5,0,0,1,-1,0,1,1,0,0,1000,0,5,0,2,0,1,-1,-1,-1,-1,-1,10,-1,1,1,3,-1,-1,3,0,0,1,0,0,10,0,0,0,13.64
1,0,0,0,-1,0,1,5,0,0,0,0,0,0,-1,0,1,2,-1,2,0,3,0,2,200,0,9223372036800000000,1e+75,0,10,0,0,10,0,0,1,-1,0,3,1,0,0,1000,0,2,0,2,0,1,-1,-1,-1,-1,0,10,-1,1,1,3,-1,-1,3,0,0,1,0,0,10,0,0,0,9.42
1,0,0,0,-1,0,1,1,0,0,0,0,2,0,0,1,2,2,-1,2,2,3,0,4,150,0,9223372036800000000,1e+75,0,10,0,0,5,0,0,1,1000,0,1,1,0,0,1000,0,5,0,2,0,1,-1,-1,-1,-1,-1,10,-1,1,1,3,-1,-1,3,0,0,1,0,0,10,0,0,0,11.25
1,0,0,0,-1,0,1,1,0,0,0,0,0,0,1,1,2,0,0,0,1,3,0,8,10,0,9223372036800000000,1e+75,0,10,0,0,7,0,0,1,20,0,3,1,0,0,60,0,4,0,2,0,1,-1,-1,-1,-1,0,10,-1,1,1,3,-1,-1,4,0,0,1,0,0,10,0,0,0,11.94
1,0,0,0,-1,0,1,1,0,0,0,0,2,0,0,-1,2,2,-1,2,2,3,0,4,150,0,9223372036800000000,1e+75,0,10,0,0,5,0,0,1,1000,0,1,1,0,0,20,0,5,0,2,0,1,-1,-1,-1,-1,-1,10,-1,1,1,3,-1,-1,3,0,0,1,0,0,10,0,0,0,13.45
1,0,0,0,-1,0,1,3,0,0,0,0,1,0,1,2,0,0,2,2,1,3,0,1,25,0,9223372036800000000,1e+75,0,10,0,0,7,0,0,1,0,0,1,1,0,0,-1,0,0,0,2,0,1,-1,-1,-1,-1,1,10,-1,1,1,3,-1,-1,-1,0,0,1,0,0,10,0,0,0,3.1
1,0,0,0,-1,0,1,5,0,0,0,0,1,0,1,-1,0,0,2,2,1,3,0,1,25,0,9223372036800000000,1e+75,0,10,0,0,7,0,0,1,0,0,1,1,0,0,-1,0,0,0,2,0,1,-1,-1,-1,-1,1,10,-1,1,1,3,-1,-1,-1,0,0,1,0,0,10,0,0,0,5.82
1,0,0,0,-1,0,1,3,0,0,0,0,1,0,1,-1,0,0,2,2,1,3,0,1,150,0,9223372036800000000,1e+75,0,10,0,0,7,0,0,1,0,0,1,1,0,0,-1,0,0,0,2,0,1,-1,-1,-1,-1,1,10,-1,1,1,3,-1,-1,-1,0,0,1,0,0,10,0,0,0,3.1
1,0,0,0,-1,0,1,3,0,0,0,0,1,0,1,-1,0,1,2,2,1,3,0,1,25,0,9223372036800000000,1e+75,0,10,0,0,7,0,0,1,0,0,1,1,0,0,-1,0,0,0,2,0,1,-1,-1,-1,-1,1,10,-1,1,1,3,-1,-1,-1,0,0,1,0,0,10,0,0,0,3.11
1,0,0,0,-1,0,1,3,0,0,0,0,1,0,1,-1,0,0,2,2,1,3,0,1,25,0,9223372036800000000,1e+75,0,10,0,0,7,0,0,1,0,0,1,1,0,0,-1,0,2,0,2,0,1,-1,-1,-1,-1,1,10,-1,1,1,3,-1,-1,-1,0,0,1,0,0,10,0,0,0,3.1
1,0,0,0,-1,0,1,3,0,0,0,0,1,0,1,-1,0,0,2,2,1,3,0,1,25,0,9223372036800000000,1e+75,0,10,0,0,7,0,0,1,0,0,1,1,0,0,-1,0,1,0,2,0,1,-1,-1,-1,-1,1,10,-1,1,1,3,-1,-1,-1,0,0,1,0,0,10,0,0,0,3.47
1,0,0,0,-1,0,1,3,0,0,0,0,1,0,1,-1,0,0,2,2,1,3,0,1,25,0,9223372036800000000,1e+75,0,10,0,0,7,0,0,1,0,0,1,1,0,0,-1,0,0,0,2,0,1,-1,-1,-1,-1,1,10,-1,1,1,3,-1,-1,-1,0,0,1,0,0,10,0,0,0,3.09
1,0,0,0,-1,0,1,3,0,0,0,0,1,0,1,-1,0,0,2,2,1,3,0,1,200,0,9223372036800000000,1e+75,0,10,0,0,7,0,0,1,0,0,1,1,0,0,-1,0,0,0,2,0,1,-1,-1,-1,-1,1,10,-1,1,1,3,-1,-1,3,0,0,1,0,0,10,0,0,0,3.1
1,0,0,0,-1,0,1,3,0,0,0,0,2,0,-1,2,0,1,2,1,0,3,0,-1,150,0,9223372036800000000,1e+75,0,10,0,0,5,0,0,1,40,0,2,1,0,0,-1,0,3,0,2,0,1,-1,-1,-1,-1,0,10,-1,1,1,3,-1,-1,4,0,0,1,0,0,10,0,0,0,13.04
1,0,0,0,-1,0,1,3,0,0,0,0,1,0,1,-1,0,0,2,2,1,3,0,1,200,0,9223372036800000000,1e+75,0,10,0,0,7,0,0,1,0,0,1,1,0,0,-1,0,0,0,2,0,1,-1,-1,-1,-1,1,10,-1,1,1,3,-1,-1,-1,0,0,1,0,0,10,0,0,0,3.1
1,0,0,0,-1,0,1,1,0,0,0,0,2,0,0,-1,2,2,-1,2,2,3,0,-1,150,0,9223372036800000000,1e+75,0,10,0,0,5,0,0,1,1000,0,1,1,0,0,1000,0,5,0,2,0,1,-1,-1,-1,-1,-1,10,-1,1,1,3,-1,-1,3,0,0,1,0,0,10,0,0,0,13.8
1,0,0,0,-1,0,1,3,0,0,0,0,1,0,1,-1,0,0,2,2,1,3,0,1,200,0,9223372036800000000,1e+75,0,10,0,0,7,0,0,1,0,0,1,1,0,0,-1,0,0,0,2,0,1,-1,-1,-1,-1,0,10,-1,1,1,3,-1,-1,-1,0,0,1,0,0,10,0,0,0,3.11
1,0,0,0,-1,0,1,3,0,0,0,0,1,0,1,-1,0,0,2,2,1,3,0,1,200,0,9223372036800000000,1e+75,0,10,0,0,7,0,0,1,20,0,1,1,0,0,-1,0,0,0,2,0,1,-1,-1,-1,-1,0,10,-1,1,1,3,-1,-1,-1,0,0,1,0,0,10,0,0,0,3.21
1,0,0,0,-1,0,1,1,0,0,0,0,2,0,0,-1,2,2,-1,2,2,3,0,4,150,0,9223372036800000000,1e+75,0,10,0,0,5,0,0,1,1000,0,1,1,0,0,1000,0,5,0,2,0,1,-1,-1,-1,-1,-1,10,-1,1,1,3,-1,-1,3,0,0,1,0,0,10,0,0,0,11.25
1,0,0,0,-1,0,1,3,0,0,0,0,-1,0,1,-1,0,-1,2,2,1,3,0,1,200,0,9223372036800000000,1e+75,0,10,0,0,7,0,0,1,20,0,1,1,0,0,-1,0,0,0,2,0,1,-1,-1,-1,-1,0,10,-1,1,1,3,-1,-1,-1,0,0,1,0,0,10,0,0,0,3.22
1,0,0,0,-1,0,1,3,0,0,0,0,1,0,1,-1,0,-1,2,2,1,3,0,1,200,0,9223372036800000000,1e+75,0,10,0,0,7,0,0,1,0,0,1,1,0,0,0,0,2,0,2,0,1,-1,-1,-1,-1,0,10,-1,1,1,3,-1,-1,-1,0,0,1,0,0,10,0,0,0,3.5
1,0,0,0,-1,0,1,3,0,0,0,0,1,0,1,-1,0,-1,2,2,1,3,0,1,200,0,9223372036800000000,1e+75,0,10,0,0,7,0,0,1,0,0,1,1,0,0,0,4,0,0,2,0,1,-1,-1,-1,-1,0,10,-1,1,1,3,-1,-1,-1,0,0,1,0,0,10,0,0,0,3.51
1,0,0,0,-1,0,1,3,0,0,0,0,1,0,1,-1,0,-1,2,2,1,3,0,1,200,0,9223372036800000000,1e+75,0,10,0,0,7,0,0,1,1000,0,1,1,0,0,0,0,0,0,2,0,1,-1,-1,-1,-1,0,10,-1,1,1,3,-1,-1,-1,0,0,1,0,0,10,0,0,0,5.11
1,0,0,0,-1,0,1,3,0,0,0,0,1,0,1,-1,0,-1,2,2,1,3,0,1,200,0,9223372036800000000,1e+75,0,10,0,0,7,0,0,1,0,0,1,1,0,0,0,0,0,0,2,0,1,-1,-1,-1,-1,-1,10,-1,1,1,3,-1,-1,-1,0,0,1,0,0,10,0,0,0,3.5
1,0,0,0,-1,0,1,3,0,0,0,0,1,0,1,-1,0,-1,2,2,1,3,0,1,200,0,9223372036800000000,1e+75,0,10,0,0,7,0,0,1,0,0,1,1,2,0,0,0,0,0,2,0,1,-1,-1,-1,-1,0,10,-1,1,1,3,-1,-1,-1,0,0,1,0,0,10,0,0,0,3.52
1,0,0,0,-1,0,1,2,0,0,0,0,-1,0,-1,1,0,1,2,-1,1,3,0,4,150,0,9223372036800000000,1e+75,0,10,0,0,3,0,0,1,0,0,3,1,0,0,1000,0,0,0,2,0,1,-1,-1,-1,-1,0,10,-1,1,1,3,-1,-1,-1,0,0,1,0,0,10,0,0,0,7.87
1,0,0,0,-1,0,1,3,0,0,0,0,2,0,-1,2,0,1,2,-1,0,3,0,-1,150,0,9223372036800000000,1e+75,0,10,0,0,5,0,0,1,40,0,2,1,0,0,0,0,3,0,2,0,1,-1,-1,-1,-1,0,10,-1,1,1,3,-1,-1,4,0,0,1,0,0,10,0,0,0,11.25
1,0,0,0,-1,0,1,2,0,0,0,0,-1,0,-1,1,0,1,2,-1,0,3,0,4,800,0,9223372036800000000,1e+75,0,10,0,0,3,0,0,1,0,0,3,1,0,0,1000,0,0,0,2,0,1,-1,-1,-1,-1,0,10,-1,1,1,3,-1,-1,-1,0,0,1,0,0,10,0,0,0,7.87
1,0,0,0,-1,0,1,3,0,0,0,0,1,0,0,0,-1,1,1,-1,0,3,0,-1,800,0,9223372036800000000,1e+75,0,10,0,0,5,0,0,1,1000,0,1,1,0,0,20,0,0,0,2,0,1,-1,-1,-1,-1,-1,10,-1,1,1,3,-1,-1,5,0,0,1,0,0,10,0,0,0,4
1,0,0,0,-1,0,1,5,0,0,0,0,-1,0,-1,1,0,1,2,-1,1,3,0,4,800,0,9223372036800000000,1e+75,0,10,0,0,3,0,0,1,0,0,3,1,0,0,1000,0,0,0,2,0,1,-1,-1,-1,-1,0,10,-1,1,1,3,-1,-1,-1,0,0,1,0,0,10,0,0,0,9.99
1,0,0,0,-1,0,1,2,0,0,0,0,-1,0,-1,1,2,1,2,-1,1,3,0,4,800,0,9223372036800000000,1e+75,0,10,0,0,3,0,0,1,0,0,3,1,0,0,1000,0,0,0,2,0,1,-1,-1,-1,-1,0,10,-1,1,1,3,-1,-1,-1,0,0,1,0,0,10,0,0,0,7.87
1,0,0,0,-1,1,1,3,0,0,0,0,1,0,1,-1,0,0,2,2,1,3,0,1,25,0,9223372036800000000,1e+75,0,10,0,0,7,0,0,1,0,0,1,1,0,0,-1,0,0,0,2,0,1,-1,-1,-1,-1,1,10,-1,1,1,3,-1,-1,-1,0,0,1,0,0,10,0,0,0,3.1
1,0,0,0,-1,0,1,2,0,0,0,0,-1,0,-1,0,0,1,2,-1,1,3,0,4,800,0,9223372036800000000,1e+75,0,10,0,0,3,0,0,1,0,0,3,1,0,0,1000,0,0,0,2,0,1,-1,-1,-1,-1,0,10,-1,1,1,3,-1,-1,-1,0,0,1,0,0,10,0,0,0,7.87
1,0,0,0,-1,0,1,2,0,0,0,0,-1,0,-1,1,0,-1,2,-1,1,3,0,4,800,0,9223372036800000000,1e+75,0,10,0,0,3,0,0,1,0,0,3,1,0,0,1000,0,0,0,2,0,1,-1,-1,-1,-1,0,10,-1,1,1,3,-1,-1,-1,0,0,1,0,0,10,0,0,0,10.02
1,0,0,0,-1,0,1,3,0,0,0,0,2,0,-1,0,2,2,-1,2,1,3,0,16,10,0,9223372036800000000,1e+75,0,10,0,0,2,0,0,1,20,0,0,1,0,0,20,0,1,0,2,0,1,-1,-1,-1,-1,1,10,-1,1,1,3,-1,-1,1,0,0,1,0,0,10,0,0,0,11.47
1,0,0,0,-1,0,1,2,0,0,0,0,-1,0,-1,1,0,1,2,-1,1,3,0,4,200,0,9223372036800000000,1e+75,0,10,0,0,3,0,0,1,0,0,3,1,0,0,1000,0,0,0,2,0,1,-1,-1,-1,-1,0,10,-1,1,1,3,-1,-1,-1,0,0,1,0,0,10,0,0,0,7.87
1,0,0,0,-1,0,1,2,0,0,0,0,-1,0,-1,1,0,1,2,-1,1,3,0,4,800,0,9223372036800000000,1e+75,0,10,0,0,3,0,0,1,0,0,3,1,0,0,60,0,0,0,2,0,1,-1,-1,-1,-1,0,10,-1,1,1,3,-1,-1,-1,0,0,1,0,0,10,0,0,0,10.8
1,0,0,0,-1,0,1,3,0,0,0,0,1,0,1,-1,0,-1,2,2,1,3,0,1,200,0,9223372036800000000,1e+75,0,10,0,0,7,0,1,1,0,0,1,1,0,0,0,0,0,0,2,0,1,-1,-1,-1,-1,0,10,-1,1,1,3,-1,-1,-1,0,0,1,0,0,10,0,0,0,3.51
1,0,0,0,-1,0,1,2,0,0,0,0,-1,0,-1,1,0,1,2,-1,1,3,0,4,800,0,9223372036800000000,1e+75,0,10,0,0,3,0,0,1,0,0,3,1,0,0,1000,0,0,0,2,0,1,-1,-1,-1,-1,0,10,-1,1,1,3,-1,-1,-1,0,0,1,0,0,10,0,0,0,7.87
1,0,0,0,-1,0,1,2,0,0,0,0,-1,0,-1,2,0,1,2,-1,1,3,0,4,800,0,9223372036800000000,1e+75,0,10,0,0,3,0,0,1,0,0,3,1,0,0,200,0,0,0,2,0,1,-1,-1,-1,-1,0,10,-1,1,1,3,-1,-1,-1,0,0,1,0,0,10,0,0,0,9.4
1,0,0,0,-1,0,1,3,0,0,0,0,1,0,1,-1,0,0,2,2,1,3,0,1,200,0,9223372036800000000,1e+75,0,10,0,0,7,0,0,1,20,0,1,1,0,0,-1,0,0,0,2,0,1,-1,-1,-1,-1,1,10,-1,1,1,3,-1,-1,-1,0,0,1,0,0,10,0,0,0,3.21
1,0,0,0,-1,0,1,2,0,0,0,0,-1,0,-1,1,0,1,2,-1,1,3,0,4,800,0,9223372036800000000,1e+75,0,10,0,0,3,0,0,1,0,0,3,1,0,0,200,0,0,0,2,0,1,-1,-1,-1,-1,0,10,-1,1,1,3,-1,-1,-1,0,0,1,0,0,10,0,0,0,9.4
1,0,0,0,-1,0,1,3,0,0,0,0,2,0,-1,2,0,1,2,-1,0,3,0,-1,150,0,9223372036800000000,1e+75,0,10,0,0,5,0,0,1,40,0,2,1,0,0,0,0,5,0,2,0,1,-1,-1,-1,-1,0,10,-1,1,1,3,-1,-1,-1,0,0,1,0,0,10,0,0,0,12.48
1,0,0,0,-1,0,1,0,0,0,0,0,2,0,0,-1,0,1,1,-1,-1,3,0,1,200,0,9223372036800000000,1e+75,0,10,0,0,30,0,0,1,0,0,0,1,0,0,20,0,0,0,2,0,1,-1,-1,-1,-1,0,10,-1,1,1,3,-1,-1,-1,0,0,1,0,0,10,0,0,0,10.2
1,0,0,0,-1,0,1,0,0,0,0,0,0,0,-1,-1,-1,-1,2,-1,1,3,0,1,200,0,9223372036800000000,1e+75,0,10,0,0,10,0,0,1,20,0,2,1,0,0,0,0,2,0,2,0,1,-1,-1,-1,-1,-1,10,-1,1,1,3,-1,-1,2,0,0,1,0,0,10,0,0,0,9.51
1,0,0,0,-1,0,1,0,0,0,0,0,2,0,-1,-1,0,1,1,-1,-1,3,0,1,800,0,9223372036800000000,1e+75,0,10,0,0,30,0,0,1,0,0,0,1,0,0,20,0,0,0,2,0,1,-1,-1,-1,-1,0,10,-1,1,1,3,-1,-1,-1,0,0,1,0,0,10,0,0,0,10.2
1,0,0,0,-1,0,1,3,0,0,0,0,1,0,1,-1,0,0,2,2,1,3,0,1,25,0,9223372036800000000,1e+75,0,10,0,0,7,0,0,1,0,0,1,0,0,0,-1,0,0,0,2,0,1,-1,-1,-1,-1,1,10,-1,1,1,3,-1,-1,-1,0,0,1,0,0,10,0,0,0,3.1
1,0,0,0,-1,0,1,5,0,0,0,0,2,0,-1,-1,1,2,-1,2,0,3,0,8,200,0,9223372036800000000,1e+75,0,10,0,0,10,0,0,1,-1,0,3,1,0,0,20,0,2,0,2,0,1,-1,-1,-1,-1,0,10,-1,1,1,3,-1,-1,3,0,0,1,0,0,10,0,0,0,9.45
1,0,0,0,-1,0,1,2,0,0,0,0,1,0,0,2,2,1,-1,1,2,3,0,-1,800,0,9223372036800000000,1e+75,0,10,0,0,7,0,0,1,0,0,1,1,0,0,0,0,0,0,2,0,1,-1,-1,-1,-1,0,10,-1,1,1,3,-1,-1,-1,0,0,1,0,0,10,0,0,0,4.57
1,0,0,0,-1,0,1,2,0,0,0,0,0,0,3,1,2,2,0,1,-1,3,0,-1,200,0,9223372036800000000,1e+75,0,10,0,0,7,0,0,1,0,0,1,1,0,0,0,0,0,0,2,0,1,-1,-1,-1,-1,0,10,-1,1,1,3,-1,-1,-1,0,0,1,0,0,10,0,0,0,4.14
1,0,0,0,-1,0,1,2,0,0,0,0,0,0,3,2,0,2,0,1,-1,3,0,-1,200,0,9223372036800000000,1e+75,0,10,0,0,7,0,0,1,0,0,1,1,0,0,0,0,0,0,2,0,1,-1,-1,-1,-1,0,10,-1,1,1,3,-1,-1,-1,0,0,1,0,0,10,0,0,0,4.15
1,0,0,0,-1,0,1,2,0,0,0,0,1,0,2,1,2,0,1,-1,-1,3,0,-1,150,0,9223372036800000000,1e+75,0,10,0,0,7,0,0,1,0,0,1,1,0,0,0,0,0,0,2,0,1,-1,-1,-1,-1,0,10,-1,1,1,3,-1,-1,-1,0,0,1,0,0,10,0,0,0,4.1
1,0,0,0,-1,0,1,0,0,0,0,0,2,0,0,-1,0,1,1,0,-1,3,0,2,800,0,9223372036800000000,1e+75,0,10,0,0,30,0,0,1,0,0,0,1,0,0,40,0,0,0,2,0,1,-1,-1,-1,-1,0,10,-1,1,1,3,-1,-1,-1,0,0,1,0,0,10,0,0,0,11.4
1,0,0,0,-1,0,1,0,0,0,0,0,0,0,-1,-1,-1,-1,2,-1,1,3,0,1,200,0,9223372036800000000,1e+75,0,10,0,0,30,0,0,1,20,0,2,1,0,0,20,0,2,0,2,0,1,-1,-1,-1,-1,-1,10,-1,1,1,3,-1,-1,2,0,0,1,0,0,10,0,0,0,8.38
1,0,0,0,-1,0,1,3,0,0,0,0,0,0,3,1,0,2,0,1,-1,3,0,-1,800,0,9223372036800000000,1e+75,0,10,0,0,7,0,0,1,0,0,1,1,0,0,0,0,0,0,2,0,1,-1,-1,-1,-1,0,10,-1,1,1,3,-1,-1,-1,0,0,1,0,0,10,0,0,0,4.25
1,0,0,0,-1,0,1,5,0,0,0,0,1,0,0,0,-1,1,1,1,0,3,0,-1,800,0,9223372036800000000,1e+75,0,10,0,0,5,0,0,1,1000,0,1,1,0,0,1000,0,0,0,2,0,1,-1,-1,-1,-1,-1,10,-1,1,1,3,-1,-1,4,0,0,1,0,0,10,0,0,0,6.1
1,0,0,0,-1,0,1,2,0,0,0,0,0,0,3,1,1,2,0,1,-1,3,0,-1,800,0,9223372036800000000,1e+75,0,10,0,0,7,0,0,1,0,0,1,1,0,0,0,0,0,0,2,0,1,-1,-1,-1,-1,0,10,-1,1,1,3,-1,-1,-1,0,0,1,0,0,10,0,0,0,4.14
1,0,0,0,-1,0,1,2,0,0,0,0,2,0,1,-1,0,-1,2,1,0,3,0,-1,100,0,9223372036800000000,1e+75,0,10,0,0,7,0,0,1,0,0,1,1,0,0,0,0,0,0,2,0,1,-1,-1,-1,-1,0,10,-1,1,1,3,-1,-1,-1,0,0,1,0,0,10,0,0,0,4.02
1,0,0,0,-1,0,1,2,0,0,0,0,0,0,3,1,0,2,0,1,-1,3,0,-1,800,0,9223372036800000000,1e+75,0,10,0,0,7,0,0,1,0,0,1,1,0,0,0,0,0,0,2,0,1,-1,-1,-1,-1,0,10,-1,1,1,3,-1,-1,-1,0,0,1,0,0,10,0,0,0,4.14
1,0,0,0,-1,0,1,3,0,0,0,0,2,0,-1,2,0,1,2,0,0,3,0,-1,150,0,9223372036800000000,1e+75,0,10,0,0,5,0,0,1,40,0,2,1,0,0,0,0,5,0,2,0,1,-1,-1,-1,-1,0,10,-1,1,1,3,-1,-1,4,0,0,1,0,0,10,0,0,0,13.87
1,0,0,0,-1,0,1,2,0,0,0,0,1,0,2,1,2,2,2,-1,-1,3,0,-1,200,0,9223372036800000000,1e+75,0,10,0,0,7,0,0,1,0,0,1,1,0,0,0,0,0,0,2,0,1,-1,-1,-1,-1,0,10,-1,1,1,3,-1,-1,-1,0,0,1,0,0,10,0,0,0,4.05
1,0,0,0,-1,0,1,1,0,0,0,0,3,0,3,1,0,2,0,1,-1,3,0,-1,800,0,9223372036800000000,1e+75,0,10,0,0,7,0,0,1,0,0,1,1,0,0,0,0,0,0,2,0,1,-1,-1,-1,-1,0,10,-1,1,1,3,-1,-1,-1,0,0,1,0,0,10,0,0,0,10.28
1,0,0,0,-1,0,1,5,0,0,0,0,-1,0,1,-1,1,-1,2,2,1,3,0,-1,200,0,9223372036800000000,1e+75,0,10,0,0,7,0,0,1,0,0,1,1,0,0,0,0,0,0,2,0,1,-1,-1,-1,-1,0,10,-1,1,1,3,-1,-1,-1,0,0,1,0,0,10,0,0,0,6.97
1,0,0,0,-1,0,1,1,0,0,0,0,0,0,3,1,0,0,0,1,-1,3,0,-1,800,0,9223372036800000000,1e+75,0,10,0,0,7,0,0,1,0,0,1,1,0,0,0,0,0,0,2,0,1,-1,-1,-1,-1,0,10,-1,1,1,3,-1,-1,-1,0,0,1,0,0,10,0,0,0,9.82
1,0,0,0,-1,0,1,3,0,0,0,0,3,0,-1,1,2,2,-1,0,0,3,0,-1,50,0,9223372036800000000,1e+75,0,10,0,0,7,0,0,1,0,0,1,1,0,0,0,0,0,0,2,0,1,-1,-1,-1,-1,0,10,-1,1,1,3,-1,-1,-1,0,0,1,0,0,10,0,0,0,4.2
1,0,0,0,-1,0,1,3,0,0,0,0,-1,0,1,-1,0,-1,2,2,-1,3,0,-1,200,0,9223372036800000000,1e+75,0,10,0,0,7,0,0,1,0,0,1,1,0,0,0,0,0,0,2,0,1,-1,-1,-1,-1,0,10,-1,1,1,3,-1,-1,-1,0,0,1,0,0,10,0,0,0,3.87
1,0,0,0,-1,0,1,3,0,0,0,0,0,0,-1,0,2,2,1,1,2,3,0,4,400,0,9223372036800000000,1e+75,0,10,0,0,4,0,0,1,0,0,3,1,0,0,100,0,0,0,2,0,1,-1,-1,-1,-1,0,10,-1,1,1,3,-1,-1,-1,0,0,1,0,0,10,0,0,0,8.78
1,0,0,0,-1,0,1,1,0,0,0,0,0,0,3,1,0,2,0,1,-1,3,0,-1,800,0,9223372036800000000,1e+75,0,10,0,0,7,0,0,1,0,0,1,1,0,0,0,0,0,0,2,0,1,-1,-1,-1,-1,0,10,-1,1,1,3,-1,-1,-1,0,0,1,0,0,10,0,0,0,9.59
1,0,0,0,-1,0,1,0,0,0,0,0,0,0,-1,-1,-1,1,2,-1,1,3,0,1,200,0,9223372036800000000,1e+75,0,10,0,0,10,0,0,1,20,0,2,1,0,0,0,0,2,0,2,0,1,-1,-1,-1,-1,-1,10,-1,1,1,3,-1,-1,2,0,0,1,0,0,10,0,0,0,9.51
1,0,0,0,-1,0,1,1,0,0,0,0,-1,0,2,0,0,-1,1,2,-1,3,0,-1,800,0,9223372036800000000,1e+75,0,10,0,0,7,0,0,1,0,0,3,1,0,0,500,0,0,0,2,0,1,-1,-1,-1,-1,0,10,-1,1,1,3,-1,-1,-1,0,0,1,0,0,10,0,0,0,10.2
1,0,0,0,-1,0,1,1,0,0,0,0,2,0,0,-1,2,2,-1,2,2,3,0,4,100,0,9223372036800000000,1e+75,0,10,0,0,5,0,0,1,1000,0,1,1,0,0,1000,0,5,0,2,0,1,-1,-1,-1,-1,-1,10,-1,1,1,3,-1,-1,3,0,0,1,0,0,10,0,0,0,11.25
1,0,0,0,-1,0,1,2,0,0,0,0,-1,0,-1,0,0,2,1,2,0,3,0,-1,50,0,9223372036800000000,1e+75,0,10,0,0,7,0,0,1,0,0,1,1,0,0,0,0,0,0,2,0,1,-1,-1,-1,-1,0,10,-1,1,1,3,-1,-1,-1,0,0,1,0,0,10,0,0,0,4.77
1,0,0,0,-1,0,1,2,0,0,0,0,0,0,3,2,0,2,0,1,-1,3,0,-1,800,0,9223372036800000000,1e+75,0,10,0,0,7,0,0,1,0,0,1,1,0,0,0,0,0,0,2,0,1,-1,-1,-1,-1,0,10,-1,1,1,3,-1,-1,-1,0,0,1,0,0,10,0,0,0,4.16
1,0,0,0,-1,0,1,3,0,0,0,0,2,0,2,0,2,2,-1,2,1,3,0,16,10,0,9223372036800000000,1e+75,0,10,0,0,2,0,0,1,20,0,0,1,0,0,40,0,1,0,2,0,1,-1,-1,-1,-1,1,10,-1,1,1,3,-1,-1,1,0,0,1,0,0,10,0,0,0,11.64
1,0,0,0,-1,0,1,2,0,0,0,0,-1,0,-1,2,-1,2,0,0,0,3,0,-1,400,0,9223372036800000000,1e+75,0,10,0,0,7,0,0,1,0,0,1,1,0,0,0,0,0,0,2,0,1,-1,-1,-1,-1,0,10,-1,1,1,3,-1,-1,-1,0,0,1,0,0,10,0,0,0,4.11
1,0,0,0,-1,0,1,1,0,0,0,0,2,0,0,-1,2,2,-1,2,2,3,0,4,150,0,9223372036800000000,1e+75,0,10,0,0,5,0,0,1,1000,0,1,1,0,0,40,0,3,0,2,0,1,-1,-1,-1,-1,-1,10,-1,1,1,3,-1,-1,5,0,0,1,0,0,10,0,0,0,10.71
1,0,0,0,-1,0,1,3,0,0,0,0,1,0,-1,-1,0,-1,2,2,1,3,0,1,200,0,9223372036800000000,1e+75,0,10,0,0,7,0,0,1,20,0,1,1,0,0,-1,0,0,0,2,0,1,-1,-1,-1,-1,0,10,-1,1,1,3,-1,-1,-1,0,0,1,0,0,10,0,0,0,3.22
1,0,0,0,-1,0,1,3,0,0,0,0,1,0,1,-1,0,-1,2,2,1,3,0,1,200,0,9223372036800000000,1e+75,0,10,0,0,7,0,0,1,0,0,1,1,0,0,0,0,0,0,2,0,1,-1,-1,-1,-1,0,10,-1,1,1,3,-1,-1,1,0,0,1,0,0,10,0,0,0,3.5
1,0,0,0,-1,0,1,2,0,0,0,0,-1,0,-1,2,-1,2,1,0,0,3,0,-1,400,0,9223372036800000000,1e+75,0,10,0,0,7,0,0,1,0,0,1,1,0,0,0,0,0,0,2,0,1,-1,-1,-1,-1,0,10,-1,1,1,3,-1,-1,-1,0,0,1,0,0,10,0,0,0,3.92
1,0,0,0,-1,0,1,0,0,0,0,0,2,0,0,-1,0,1,1,0,2,3,0,2,800,0,9223372036800000000,1e+75,0,10,0,0,30,0,0,1,0,0,0,1,0,0,40,0,0,0,2,0,1,-1,-1,-1,-1,0,10,-1,1,1,3,-1,-1,-1,0,0,1,0,0,10,0,0,0,11.4
1,0,0,0,-1,0,1,2,0,0,0,0,-1,0,-1,2,2,2,1,0,0,3,0,-1,400,0,9223372036800000000,1e+75,0,10,0,0,7,0,0,1,0,0,1,1,0,0,0,0,0,0,2,0,1,-1,-1,-1,-1,0,10,-1,1,1,3,-1,-1,-1,0,0,1,0,0,10,0,0,0,4.13
1,0,0,0,-1,0,1,2,0,0,0,0,-1,0,2,2,-1,2,1,0,0,3,0,-1,400,0,9223372036800000000,1e+75,0,10,0,0,7,0,0,1,0,0,1,1,0,0,0,0,0,0,2,0,1,-1,-1,-1,-1,0,10,-1,1,1,3,-1,-1,-1,0,0,1,0,0,10,0,0,0,3.92
1,0,0,0,-1,0,1,3,0,0,0,0,1,0,1,-1,0,-1,2,2,1,3,0,1,200,0,9223372036800000000,1e+75,0,10,0,0,7,0,0,1,0,0,1,1,0,0,0,0,0,0,2,0,1,-1,-1,-1,-1,0,10,-1,1,1,3,-1,-1,-1,0,0,1,0,0,10,0,0,0,3.49
1,0,0,0,-1,0,1,2,0,0,0,0,3,0,-1,1,-1,-1,-1,2,2,3,0,8,50,0,9223372036800000000,1e+75,0,10,0,0,7,0,0,1,0,0,0,1,0,0,0,0,0,0,2,0,1,-1,-1,-1,-1,0,10,-1,1,1,3,-1,-1,-1,0,0,1,0,0,10,0,0,0,10.51
1,0,0,0,-1,0,1,0,0,0,0,0,2,0,2,-1,0,1,1,-1,-1,3,0,1,800,0,9223372036800000000,1e+75,0,10,0,0,30,0,0,1,0,0,0,1,0,0,20,0,0,0,2,0,1,-1,-1,-1,-1,0,10,-1,1,1,3,-1,-1,-1,0,0,1,0,0,10,0,0,0,10.2
1,0,0,0,-1,0,1,5,0,0,0,0,-1,0,1,1,0,-1,2,2,1,3,0,-1,200,0,9223372036800000000,1e+75,0,10,0,0,7,0,0,1,0,0,1,1,0,0,0,0,0,0,2,0,1,-1,-1,-1,-1,0,10,-1,1,1,3,-1,-1,-1,0,0,1,0,0,10,0,0,0,6.97
1,0,0,0,-1,0,1,5,0,0,0,0,1,0,0,0,2,1,-1,1,2,3,0,-1,800,0,9223372036800000000,1e+75,0,10,0,0,7,0,0,1,0,0,1,1,0,0,0,0,0,0,2,0,1,-1,-1,-1,-1,0,10,-1,1,1,3,-1,-1,-1,0,0,1,0,0,10,0,0,0,6.6
1,0,0,0,-1,0,1,2,0,0,0,0,-1,0,1,-1,0,-1,2,1,0,3,0,-1,100,0,9223372036800000000,1e+75,0,10,0,0,7,0,0,1,0,0,1,1,0,0,0,0,0,0,2,0,1,-1,-1,-1,-1,0,10,-1,1,1,3,-1,-1,-1,0,0,1,0,0,10,0,0,0,4.14
1,0,0,0,-1,0,1,3,0,0,0,0,-1,0,1,-1,0,-1,2,2,1,3,0,1,200,0,9223372036800000000,1e+75,0,10,0,0,7,0,0,1,0,0,0,1,0,0,0,0,0,0,2,0,1,-1,-1,-1,-1,0,10,-1,1,1,3,-1,-1,-1,0,0,1,0,0,10,0,0,0,10.34
1,0,0,0,-1,0,1,2,0,0,0,0,1,0,2,1,1,2,1,-1,-1,3,0,-1,150,0,9223372036800000000,1e+75,0,10,0,0,7,0,0,1,0,0,1,1,0,0,0,0,0,0,2,0,1,-1,-1,-1,-1,0,10,-1,1,1,3,-1,-1,-1,0,0,1,0,0,10,0,0,0,3.93
1,0,0,0,-1,0,1,3,0,0,0,0,1,0,1,-1,0,-1,2,2,1,3,0,-1,200,0,9223372036800000000,1e+75,0,10,0,0,7,0,0,1,0,0,1,1,0,0,0,0,0,0,2,0,1,-1,-1,-1,-1,0,10,-1,1,1,3,-1,-1,-1,0,0,1,0,0,10,0,0,0,3.86
1,0,0,0,-1,0,1,0,0,0,0,0,-1,0,0,-1,-1,2,1,-1,2,3,0,1,400,0,9223372036800000000,1e+75,0,10,0,0,10,0,0,1,0,0,0,1,0,0,-1,0,0,0,2,0,1,-1,-1,-1,-1,0,10,-1,1,1,3,-1,-1,-1,0,0,1,0,0,10,0,0,0,11.07
1,0,0,0,-1,0,1,2,0,0,0,0,-1,0,-1,2,-1,2,1,0,0,3,0,-1,100,0,9223372036800000000,1e+75,0,10,0,0,7,0,0,1,0,0,1,1,0,0,0,0,0,0,2,0,1,-1,-1,-1,-1,0,10,-1,1,1,3,-1,-1,-1,0,0,1,0,0,10,0,0,0,3.92
1,0,0,0,-1,0,1,1,0,0,0,0,0,0,1,1,2,0,-1,0,1,3,0,8,10,0,9223372036800000000,1e+75,0,10,0,0,7,0,0,1,20,0,3,1,0,0,60,0,4,0,2,0,1,-1,-1,-1,-1,0,10,-1,1,1,3,-1,-1,4,0,0,1,0,0,10,0,0,0,13.14
1,0,0,0,-1,0,1,3,0,0,0,0,-1,0,1,-1,0,-1,2,2,1,3,0,-1,200,0,9223372036800000000,1e+75,0,10,0,0,7,0,0,1,0,0,2,1,0,0,0,0,0,0,2,0,1,-1,-1,-1,-1,0,10,-1,1,1,3,-1,-1,-1,0,0,1,0,0,10,0,0,0,9.07
1,0,0,0,-1,0,1,2,0,0,0,0,-1,0,2,1,2,2,2,-1,-1,3,0,-1,150,0,9223372036800000000,1e+75,0,10,0,0,7,0,0,1,0,0,1,1,0,0,0,0,0,0,2,0,1,-1,-1,-1,-1,0,10,-1,1,1,3,-1,-1,-1,0,0,1,0,0,10,0,0,0,4.06
1,0,0,0,-1,0,1,3,0,0,0,0,1,0,0,0,-1,1,1,1,0,3,0,-1,25,0,9223372036800000000,1e+75,0,10,0,0,5,0,0,1,1000,0,1,1,0,0,20,0,0,0,2,0,1,-1,-1,-1,-1,-1,10,-1,1,1,3,-1,-1,4,0,0,1,0,0,10,0,0,0,4.01
1,0,0,0,-1,0,1,1,0,0,0,0,2,0,0,-1,2,2,-1,2,2,3,0,4,150,0,9223372036800000000,1e+75,0,10,0,0,5,0,0,1,1000,0,1,1,0,0,100,0,5,0,2,0,1,-1,-1,-1,-1,-1,10,-1,1,1,3,-1,-1,3,0,0,1,0,0,10,0,0,0,13.25
1,0,0,0,-1,0,1,3,0,0,0,0,3,0,-1,1,2,2,-1,2,0,3,0,-1,50,0,9223372036800000000,1e+75,0,10,0,0,7,0,0,1,0,0,1,1,0,0,0,0,0,0,2,0,1,-1,-1,-1,-1,0,10,-1,1,1,3,-1,-1,-1,0,0,1,0,0,10,0,0,0,4.41
1,0,0,0,-1,0,1,2,0,0,0,0,3,0,2,1,2,2,1,2,-1,3,0,-1,150,0,9223372036800000000,1e+75,0,10,0,0,7,0,0,1,0,0,1,1,0,0,0,0,0,0,2,0,1,-1,-1,-1,-1,0,10,-1,1,1,3,-1,-1,-1,0,0,1,0,0,10,0,0,0,4.77
1,0,0,0,-1,0,1,5,0,0,0,0,1,0,2,1,2,2,2,-1,-1,3,0,-1,150,0,9223372036800000000,1e+75,0,10,0,0,7,0,0,1,0,0,1,1,0,0,0,0,0,0,2,0,1,-1,-1,-1,-1,0,10,-1,1,1,3,-1,-1,-1,0,0,1,0,0,10,0,0,0,6.87
1,0,0,0,-1,0,1,3,0,0,0,0,3,0,-1,1,2,-1,-1,0,0,3,0,-1,50,0,9223372036800000000,1e+75,0,10,0,0,7,0,0,1,0,0,1,1,0,0,0,0,0,0,2,0,1,-1,-1,-1,-1,0,10,-1,1,1,3,-1,-1,-1,0,0,1,0,0,10,0,0,0,4.21
1,0,0,0,-1,0,1,2,0,0,0,0,1,0,3,1,2,2,2,-1,-1,3,0,-1,150,0,9223372036800000000,1e+75,0,10,0,0,7,0,0,1,0,0,1,1,0,0,0,0,0,0,2,0,1,-1,-1,-1,-1,0,10,-1,1,1,3,-1,-1,-1,0,0,1,0,0,10,0,0,0,4.09
1,0,0,0,-1,0,1,3,0,0,0,0,2,0,-1,2,0,1,2,-1,-1,3,0,-1,150,0,9223372036800000000,1e+75,0,10,0,0,5,0,0,1,40,0,2,1,0,0,-1,0,1,0,2,0,1,-1,-1,-1,-1,0,10,-1,1,1,3,-1,-1,4,0,0,1,0,0,10,0,0,0,9.07
1,0,0,0,-1,0,1,3,0,0,0,0,2,0,2,0,2,2,-1,2,1,3,0,16,10,0,9223372036800000000,1e+75,0,10,0,0,2,0,0,1,100,0,0,1,0,0,500,0,1,0,2,0,1,-1,-1,-1,-1,1,10,-1,1,1,3,-1,-1,1,0,0,1,0,0,10,0,0,0,11.53
1,0,0,0,-1,0,1,2,0,0,0,0,1,0,2,1,2,2,2,-1,-1,3,0,-1,100,0,9223372036800000000,1e+75,0,10,0,0,7,0,0,1,0,0,1,1,0,0,0,0,0,0,2,0,1,-1,-1,-1,-1,0,10,-1,1,1,3,-1,-1,-1,0,0,1,0,0,10,0,0,0,4.05
1,0,0,0,-1,0,1,4,0,0,0,0,3,0,-1,1,2,2,-1,0,0,3,0,-1,50,0,9223372036800000000,1e+75,0,10,0,0,7,0,0,1,0,0,1,1,0,0,0,0,0,0,2,0,1,-1,-1,-1,-1,0,10,-1,1,1,3,-1,-1,-1,0,0,1,0,0,10,0,0,0,5.58
1,0,0,0,-1,0,1,3,0,0,0,0,1,0,0,0,-1,1,1,-1,0,3,0,-1,800,0,9223372036800000000,1e+75,0,10,0,0,5,0,0,1,1000,0,1,1,0,0,20,0,3,0,2,0,1,-1,-1,-1,-1,-1,10,-1,1,1,3,-1,-1,4,0,0,1,0,0,10,0,0,0,5.79
1,0,0,0,-1,0,1,2,0,0,0,0,1,0,2,1,2,2,2,-1,-1,3,0,-1,150,0,9223372036800000000,1e+75,0,10,0,0,7,0,0,1,0,0,1,1,0,0,0,0,0,0,2,0,1,-1,-1,-1,-1,0,10,-1,1,1,3,-1,-1,-1,0,0,1,0,0,10,0,0,0,4.05
1,0,0,0,-1,0,1,3,0,0,0,0,1,0,1,-1,0,-1,2,2,1,3,0,1,200,0,9223372036800000000,1e+75,0,10,0,0,7,0,0,1,0,0,1,1,0,0,60,0,0,0,2,0,1,-1,-1,-1,-1,0,10,-1,1,1,3,-1,-1,-1,0,0,1,0,0,10,0,0,0,3.53
1,0,0,0,-1,0,1,2,0,0,0,0,1,0,2,1,2,2,0,-1,-1,3,0,-1,150,0,9223372036800000000,1e+75,0,10,0,0,7,0,0,1,0,0,1,1,0,0,0,0,0,0,2,0,1,-1,-1,-1,-1,0,10,-1,1,1,3,-1,-1,-1,0,0,1,0,0,10,0,0,0,4.69
1,0,0,0,-1,0,1,2,0,0,0,0,-1,0,-1,0,-1,2,1,0,0,3,0,-1,400,0,9223372036800000000,1e+75,0,10,0,0,7,0,0,1,0,0,1,1,0,0,0,0,0,0,2,0,1,-1,-1,-1,-1,0,10,-1,1,1,3,-1,-1,-1,0,0,1,0,0,10,0,0,0,4.32
1,0,0,0,-1,0,1,3,0,0,0,0,1,0,0,0,-1,1,1,1,0,3,0,-1,800,0,9223372036800000000,1e+75,0,10,0,0,5,0,0,1,1000,0,1,1,0,0,0,0,0,0,2,0,1,-1,-1,-1,-1,-1,10,-1,1,1,3,-1,-1,4,0,0,1,0,0,10,0,0,0,7.05
1,0,0,0,-1,0,1,2,0,0,0,0,3,0,2,1,2,0,1,-1,-1,3,0,-1,150,0,9223372036800000000,1e+75,0,10,0,0,7,0,0,1,0,0,1,1,0,0,0,0,0,0,2,0,1,-1,-1,-1,-1,0,10,-1,1,1,3,-1,-1,-1,0,0,1,0,0,10,0,0,0,4.13
1,0,0,0,-1,0,1,1,0,0,0,0,-1,0,2,0,0,-1,1,2,1,3,0,-1,800,0,9223372036800000000,1e+75,0,10,0,0,7,0,0,1,0,0,3,1,0,0,500,0,0,0,2,0,1,-1,-1,-1,-1,0,10,-1,1,1,3,-1,-1,-1,0,0,1,0,0,10,0,0,0,10.2
1,0,0,0,-1,0,1,0,0,0,0,0,2,0,0,-1,0,1,1,-1,-1,3,0,1,25,0,9223372036800000000,1e+75,0,10,0,0,30,0,0,1,0,0,0,1,0,0,20,0,0,0,2,0,1,-1,-1,-1,-1,0,10,-1,1,1,3,-1,-1,-1,0,0,1,0,0,10,0,0,0,10.2
1,0,0,0,-1,0,1,3,0,0,0,0,-1,0,1,-1,0,-1,1,2,1,3,0,-1,200,0,9223372036800000000,1e+75,0,10,0,0,7,0,0,1,0,0,1,1,0,0,0,0,0,0,2,0,1,-1,-1,-1,-1,0,10,-1,1,1,3,-1,-1,-1,0,0,1,0,0,10,0,0,0,3.87
1,0,0,0,-1,0,1,1,0,0,0,0,2,0,1,-1,2,2,-1,2,2,3,0,4,150,0,9223372036800000000,1e+75,0,10,0,0,5,0,0,1,1000,0,1,1,0,0,1000,0,5,0,2,0,1,-1,-1,-1,-1,-1,10,-1,1,1,3,-1,-1,3,0,0,1,0,0,10,0,0,0,11.25
1,0,0,0,-1,0,1,2,0,0,0,0,-1,0,-1,0,2,2,1,2,0,3,0,-1,800,0,9223372036800000000,1e+75,0,10,0,0,7,0,0,1,0,0,1,1,0,0,0,0,0,0,2,0,1,-1,-1,-1,-1,0,10,-1,1,1,3,-1,-1,-1,0,0,1,0,0,10,0,0,0,4.76
1,0,0,0,-1,0,1,3,0,0,0,0,1,0,1,-1,0,-1,2,2,1,3,0,1,200,0,9223372036800000000,1e+75,0,10,0,0,7,0,0,1,20,0,1,1,0,0,0,0,0,0,2,0,1,-1,-1,-1,-1,0,10,-1,1,1,3,-1,-1,-1,0,0,1,0,0,10,0,0,0,3.39
1,0,0,0,-1,0,1,1,0,0,0,0,1,0,3,2,2,1,-1,1,2,3,0,-1,800,0,9223372036800000000,1e+75,0,10,0,0,7,0,0,1,0,0,1,1,0,0,0,0,0,0,2,0,1,-1,-1,-1,-1,0,10,-1,1,1,3,-1,-1,-1,0,0,1,0,0,10,0,0,0,9.4
1,0,0,0,-1,0,1,3,0,0,0,0,-1,0,0,0,-1,1,1,-1,0,3,0,-1,800,0,9223372036800000000,1e+75,0,10,0,0,5,0,0,1,1000,0,1,1,0,0,20,0,0,0,2,0,1,-1,-1,-1,-1,-1,10,-1,1,1,3,-1,-1,4,0,0,1,0,0,10,0,0,0,4
1,0,0,0,-1,0,1,5,0,0,0,0,-1,0,0,1,0,0,0,0,0,3,0,-1,200,0,9223372036800000000,1e+75,0,10,0,0,7,0,0,1,0,0,1,1,0,0,0,0,0,0,2,0,1,-1,-1,-1,-1,0,10,-1,1,1,3,-1,-1,-1,0,0,1,0,0,10,0,0,0,7.23
1,0,0,0,-1,0,1,2,0,0,0,0,-1,0,3,2,2,1,-1,1,2,3,0,-1,800,0,9223372036800000000,1e+75,0,10,0,0,7,0,0,1,0,0,1,1,0,0,0,0,0,0,2,0,1,-1,-1,-1,-1,0,10,-1,1,1,3,-1,-1,-1,0,0,1,0,0,10,0,0,0,4.08
1,0,0,0,-1,0,1,3,0,0,0,0,3,0,-1,1,2,2,1,0,0,3,0,-1,50,0,9223372036800000000,1e+75,0,10,0,0,7,0,0,1,0,0,1,1,0,0,0,0,0,0,2,0,1,-1,-1,-1,-1,0,10,-1,1,1,3,-1,-1,-1,0,0,1,0,0,10,0,0,0,4.2
1,0,0,0,-1,0,1,3,0,0,0,0,-1,0,1,-1,0,-1,2,-1,1,3,0,-1,200,0,9223372036800000000,1e+75,0,10,0,0,7,0,0,1,0,0,1,1,0,0,0,0,0,0,2,0,1,-1,-1,-1,-1,0,10,-1,1,1,3,-1,-1,-1,0,0,1,0,0,10,0,0,0,4.04
1,0,0,0,-1,0,1,2,0,0,0,0,-1,0,-1,2,0,2,1,0,0,3,0,-1,400,0,9223372036800000000,1e+75,0,10,0,0,7,0,0,1,0,0,1,1,0,0,0,0,0,0,2,0,1,-1,-1,-1,-1,0,10,-1,1,1,3,-1,-1,-1,0,0,1,0,0,10,0,0,0,4.14
1,0,0,0,-1,0,1,0,0,0,0,0,2,0,0,-1,0,1,1,2,-1,3,0,1,800,0,9223372036800000000,1e+75,0,10,0,0,30,0,0,1,0,0,0,1,0,0,40,0,0,0,2,0,1,-1,-1,-1,-1,0,10,-1,1,1,3,-1,-1,-1,0,0,1,0,0,10,0,0,0,11.24
1,0,0,0,-1,0,1,2,0,0,0,0,1,0,0,0,2,1,1,1,2,3,0,-1,800,0,9223372036800000000,1e+75,0,10,0,0,7,0,0,1,0,0,1,1,0,0,0,0,0,0,2,0,1,-1,-1,-1,-1,0,10,-1,1,1,3,-1,-1,-1,0,0,1,0,0,10,0,0,0,4.19
1,0,0,0,-1,0,1,3,0,0,0,0,1,0,0,0,-1,1,1,1,0,3,0,-1,800,0,9223372036800000000,1e+75,0,10,0,0,5,0,0,1,1000,0,1,1,0,0,20,0,0,0,2,0,1,-1,-1,-1,-1,-1,10,-1,1,1,3,-1,-1,4,0,0,1,0,0,10,0,0,0,4
1,0,0,0,-1,0,1,5,0,0,0,0,-1,0,1,-1,0,-1,0,2,-1,3,0,-1,200,0,9223372036800000000,1e+75,0,10,0,0,7,0,0,1,0,0,1,1,0,0,0,0,0,0,2,0,1,-1,-1,-1,-1,0,10,-1,1,1,3,-1,-1,-1,0,0,1,0,0,10,0,0,0,6.98
1,0,0,0,-1,0,1,2,0,0,0,0,-1,0,-1,2,0,2,1,0,0,3,0,-1,800,0,9223372036800000000,1e+75,0,10,0,0,7,0,0,1,0,0,1,1,0,0,0,0,0,0,2,0,1,-1,-1,-1,-1,0,10,-1,1,1,3,-1,-1,-1,0,0,1,0,0,10,0,0,0,4.14
1,0,0,0,-1,0,1,3,0,0,0,0,3,0,0,1,2,2,-1,0,0,3,0,-1,50,0,9223372036800000000,1e+75,0,10,0,0,7,0,0,1,0,0,1,1,0,0,0,0,0,0,2,0,1,-1,-1,-1,-1,0,10,-1,1,1,3,-1,-1,-1,0,0,1,0,0,10,0,0,0,4.21
1,0,0,0,-1,0,1,2,0,0,0,0,2,0,1,-1,0,-1,-1,1,0,3,0,-1,100,0,9223372036800000000,1e+75,0,10,0,0,7,0,0,1,0,0,1,1,0,0,0,0,0,0,2,0,1,-1,-1,-1,-1,0,10,-1,1,1,3,-1,-1,-1,0,0,1,0,0,10,0,0,0,4.19
1,0,0,0,-1,0,1,0,0,0,0,0,-1,0,1,-1,0,-1,2,2,1,3,0,-1,200,0,9223372036800000000,1e+75,0,10,0,0,7,0,0,1,0,0,1,1,0,0,0,0,0,0,2,0,1,-1,-1,-1,-1,0,10,-1,1,1,3,-1,-1,-1,0,0,1,0,0,10,0,0,0,5.6
1,0,0,0,-1,0,1,3,0,0,0,0,1,0,1,-1,0,0,2,2,1,3,0,1,50,0,9223372036800000000,1e+75,0,10,0,0,7,0,0,1,0,0,1,1,0,0,-1,0,0,0,2,0,1,-1,-1,-1,-1,1,10,-1,1,1,3,-1,-1,-1,0,0,1,0,0,10,0,0,0,3.1
1,0,0,0,-1,0,1,2,0,0,0,0,0,0,3,-1,0,2,0,1,-1,3,0,-1,200,0,9223372036800000000,1e+75,0,10,0,0,7,0,0,1,0,0,1,1,0,0,0,0,0,0,2,0,1,-1,-1,-1,-1,0,10,-1,1,1,3,-1,-1,-1,0,0,1,0,0,10,0,0,0,4.13
1,0,0,0,-1,0,1,3,0,0,0,0,-1,0,2,1,0,0,0,0,0,3,0,-1,200,0,9223372036800000000,1e+75,0,10,0,0,7,0,0,1,0,0,1,1,0,0,0,0,0,0,2,0,1,-1,-1,-1,-1,0,10,-1,1,1,3,-1,-1,-1,0,0,1,0,0,10,0,0,0,4.04
1,0,0,0,-1,0,1,2,0,0,0,0,3,0,-1,2,0,1,2,2,2,3,0,8,50,0,9223372036800000000,1e+75,0,10,0,0,7,0,0,1,0,0,0,1,0,0,0,0,0,0,2,0,1,-1,-1,-1,-1,0,10,-1,1,1,3,-1,-1,-1,0,0,1,0,0,10,0,0,0,11.61
1,0,0,0,-1,0,1,0,0,0,0,0,-1,0,2,1,0,0,0,0,0,3,0,-1,200,0,9223372036800000000,1e+75,0,10,0,0,7,0,0,1,0,0,1,1,0,0,0,0,0,0,2,0,1,-1,-1,-1,-1,0,10,-1,1,1,3,-1,-1,-1,0,0,1,0,0,10,0,0,0,5.49
1,0,0,0,-1,0,1,0,0,0,0,0,-1,0,1,-1,0,1,2,2,1,3,0,-1,200,0,9223372036800000000,1e+75,0,10,0,0,7,0,0,1,0,0,1,1,0,0,0,0,0,0,2,0,1,-1,-1,-1,-1,0,10,-1,1,1,3,-1,-1,-1,0,0,1,0,0,10,0,0,0,5.85
1,0,0,0,-1,0,1,5,0,0,0,0,-1,0,-1,2,0,2,1,2,0,3,0,-1,800,0,9223372036800000000,1e+75,0,10,0,0,7,0,0,1,0,0,1,1,0,0,0,0,0,0,2,0,1,-1,-1,-1,-1,0,10,-1,1,1,3,-1,-1,-1,0,0,1,0,0,10,0,0,0,6.82
1,0,0,0,-1,0,1,3,0,0,0,0,-1,0,1,-1,0,-1,2,2,0,3,0,-1,200,0,9223372036800000000,1e+75,0,10,0,0,7,0,0,1,0,0,1,1,0,0,0,0,0,0,2,0,1,-1,-1,-1,-1,0,10,-1,1,1,3,-1,-1,-1,0,0,1,0,0,10,0,0,0,3.87
1,0,0,0,-1,0,1,1,0,0,0,0,2,0,0,-1,2,2,-1,2,2,3,0,8,150,0,9223372036800000000,1e+75,0,10,0,0,5,0,0,1,1000,0,1,1,0,0,1000,0,5,0,2,0,1,-1,-1,-1,-1,-1,10,-1,1,1,3,-1,-1,3,0,0,1,0,0,10,0,0,0,13.93
1,0,0,0,-1,0,1,3,0,0,0,0,2,0,0,0,2,2,1,1,2,3,0,4,400,0,9223372036800000000,1e+75,0,10,0,0,4,0,0,1,0,0,3,1,0,0,100,0,0,0,2,0,1,-1,-1,-1,-1,0,10,-1,1,1,3,-1,-1,-1,0,0,1,0,0,10,0,0,0,8.78
1,0,0,0,-1,0,1,3,0,0,0,0,-1,0,1,-1,0,-1,2,2,1,3,0,-1,200,0,9223372036800000000,1e+75,0,10,0,0,7,1,0,1,0,0,1,1,0,0,0,0,0,0,2,0,1,-1,-1,-1,-1,0,10,-1,1,1,3,-1,-1,-1,0,0,1,0,0,10,0,0,0,3.96
1,0,0,0,-1,0,1,0,0,0,0,0,-1,0,0,1,0,0,0,0,0,3,0,-1,200,0,9223372036800000000,1e+75,0,10,0,0,7,0,0,1,0,0,1,1,0,0,0,0,0,0,2,0,1,-1,-1,-1,-1,0,10,-1,1,1,3,-1,-1,-1,0,0,1,0,0,10,0,0,0,5.48
1,0,0,0,-1,0,1,2,0,0,0,0,1,0,3,1,0,2,0,1,-1,3,0,-1,200,0,9223372036800000000,1e+75,0,10,0,0,7,0,0,1,0,0,1,1,0,0,0,0,0,0,2,0,1,-1,-1,-1,-1,0,10,-1,1,1,3,-1,-1,-1,0,0,1,0,0,10,0,0,0,4.14
1,0,0,0,-1,0,1,3,0,0,0,0,1,0,1,-1,0,-1,2,2,1,3,0,1,200,0,9223372036800000000,1e+75,0,10,0,0,7,0,0,1,0,0,0,1,0,0,0,0,0,0,2,0,1,-1,-1,-1,-1,0,10,-1,1,1,3,-1,-1,-1,0,0,1,0,0,10,0,0,0,11.71
1,0,0,0,-1,0,1,1,0,0,0,0,-1,0,2,0,0,-1,1,2,-1,3,0,-1,800,0,9223372036800000000,1e+75,0,10,0,0,7,0,0,1,0,0,1,1,0,0,500,0,0,0,2,0,1,-1,-1,-1,-1,0,10,-1,1,1,3,-1,-1,-1,0,0,1,0,0,10,0,0,0,9.77
1,0,0,0,-1,0,1,2,0,0,0,0,0,0,3,1,0,2,0,1,-1,3,0,-1,200,0,9223372036800000000,1e+75,0,10,0,0,7,0,0,1,0,0,1,1,0,0,0,0,0,0,2,0,1,-1,-1,-1,-1,0,10,-1,1,1,3,-1,-1,-1,0,0,1,0,0,10,0,0,0,4.13
1,0,0,0,-1,0,1,1,0,0,0,0,0,0,1,1,2,0,0,2,1,3,0,8,10,0,9223372036800000000,1e+75,0,10,0,0,7,0,0,1,20,0,3,1,0,0,60,0,3,0,2,0,1,-1,-1,-1,-1,0,10,-1,1,1,3,-1,-1,4,0,0,1,0,0,10,0,0,0,13.23
1,0,0,0,-1,0,1,5,0,0,0,0,-1,0,1,-1,0,-1,2,2,1,3,0,-1,200,0,9223372036800000000,1e+75,0,10,0,0,7,0,0,1,0,0,1,1,0,0,0,0,0,0,2,0,1,-1,-1,-1,-1,0,10,-1,1,1,3,-1,-1,-1,0,0,1,0,0,10,0,0,0,6.94
1,0,0,0,-1,0,1,2,0,0,0,0,0,0,1,1,0,2,0,1,-1,3,0,-1,800,0,9223372036800000000,1e+75,0,10,0,0,7,0,0,1,0,0,1,1,0,0,0,0,0,0,2,0,1,-1,-1,-1,-1,0,10,-1,1,1,3,-1,-1,-1,0,0,1,0,0,10,0,0,0,4.26
1,0,0,0,-1,0,1,3,0,0,0,0,1,0,1,-1,0,0,2,2,1,3,0,1,25,0,9223372036800000000,1e+75,0,10,0,0,7,0,0,1,0,0,1,1,0,0,-1,0,0,0,2,0,1,-1,-1,-1,-1,1,2,-1,1,1,3,-1,-1,-1,0,0,1,0,0,10,0,0,0,3.07
1,0,0,0,-1,0,1,3,0,0,0,0,-1,0,1,-1,0,0,2,2,1,3,0,-1,200,0,9223372036800000000,1e+75,0,10,0,0,7,0,0,1,0,0,1,1,0,0,0,0,0,0,2,0,1,-1,-1,-1,-1,0,10,-1,1,1,3,-1,-1,-1,0,0,1,0,0,10,0,0,0,4.22
1,0,0,0,-1,0,1,3,0,0,0,0,2,0,2,0,2,2,-1,2,1,3,0,16,10,0,9223372036800000000,1e+75,0,10,0,0,2,0,0,1,100,0,0,1,0,0,20,0,1,0,2,0,1,-1,-1,-1,-1,0,10,-1,1,1,3,-1,-1,1,0,0,1,0,0,10,0,0,0,10.1
1,0,0,0,-1,0,1,5,0,0,0,0,1,0,0,2,0,1,-1,1,2,3,0,-1,800,0,9223372036800000000,1e+75,0,10,0,0,7,0,0,1,0,0,1,1,0,0,0,0,0,0,2,0,1,-1,-1,-1,-1,0,10,-1,1,1,3,-1,-1,-1,0,0,1,0,0,10,0,0,0,6.26
1,0,0,0,-1,0,1,5,0,0,0,0,1,0,0,0,2,1,-1,1,2,3,0,-1,100,0,9223372036800000000,1e+75,0,10,0,0,7,0,0,1,0,0,1,1,0,0,0,0,0,0,2,0,1,-1,-1,-1,-1,0,10,-1,1,1,3,-1,-1,-1,0,0,1,0,0,10,0,0,0,6.6
1,0,0,0,-1,0,1,5,0,0,0,0,-1,0,1,-1,0,-1,0,2,1,3,0,-1,200,0,9223372036800000000,1e+75,0,10,0,0,7,0,0,1,0,0,1,1,0,0,0,0,0,0,2,0,1,-1,-1,-1,-1,0,10,-1,1,1,3,-1,-1,-1,0,0,1,0,0,10,0,0,0,6.96
1,0,0,0,-1,0,1,3,0,0,0,0,-1,0,0,1,0,0,2,0,0,3,0,-1,200,0,9223372036800000000,1e+75,0,10,0,0,7,0,0,1,0,0,1,1,0,0,0,0,0,0,2,0,1,-1,-1,-1,-1,0,10,-1,1,1,3,-1,-1,-1,0,0,1,0,0,10,0,0,0,4.04
1,0,0,0,-1,0,1,3,0,0,0,0,-1,0,1,1,0,-1,2,2,1,3,0,-1,200,0,9223372036800000000,1e+75,0,10,0,0,7,0,0,1,0,0,1,1,0,0,0,0,0,0,2,0,1,-1,-1,-1,-1,0,10,-1,1,1,3,-1,-1,-1,0,0,1,0,0,10,0,0,0,3.87
1,0,0,0,-1,0,1,3,0,0,0,0,3,0,-1,1,2,2,-1,0,0,3,0,-1,150,0,9223372036800000000,1e+75,0,10,0,0,7,0,0,1,0,0,1,1,0,0,0,0,0,0,2,0,1,-1,-1,-1,-1,0,10,-1,1,1,3,-1,-1,-1,0,0,1,0,0,10,0,0,0,4.2
1,0,0,0,-1,0,1,2,0,0,0,0,0,0,3,1,0,2,1,1,-1,3,0,-1,800,0,9223372036800000000,1e+75,0,10,0,0,7,0,0,1,0,0,1,1,0,0,0,0,0,0,2,0,1,-1,-1,-1,-1,0,10,-1,1,1,3,-1,-1,-1,0,0,1,0,0,10,0,0,0,4.63
1,0,0,0,-1,0,1,0,0,0,0,0,3,0,0,-1,0,0,0,0,0,3,0,-1,200,0,9223372036800000000,1e+75,0,10,0,0,7,0,0,1,0,0,1,1,0,0,0,0,0,0,2,0,1,-1,-1,-1,-1,0,10,-1,1,1,3,-1,-1,-1,0,0,1,0,0,10,0,0,0,5.8
1,0,0,0,-1,0,1,3,0,0,0,0,-1,0,-1,1,0,0,0,0,0,3,0,-1,200,0,9223372036800000000,1e+75,0,10,0,0,7,0,0,1,0,0,1,1,0,0,0,0,0,0,2,0,1,-1,-1,-1,-1,0,10,-1,1,1,3,-1,-1,-1,0,0,1,0,0,10,0,0,0,4.03
1,0,0,0,-1,0,1,2,0,0,0,0,-1,0,1,-1,1,-1,2,1,0,3,0,-1,100,0,9223372036800000000,1e+75,0,10,0,0,7,0,0,1,0,0,1,1,0,0,0,0,0,0,2,0,1,-1,-1,-1,-1,0,10,-1,1,1,3,-1,-1,-1,0,0,1,0,0,10,0,0,0,4.14
1,0,0,0,-1,0,1,0,0,0,0,0,0,0,0,1,0,0,0,0,0,3,0,-1,200,0,9223372036800000000,1e+75,0,10,0,0,7,0,0,1,0,0,1,1,0,0,0,0,0,0,2,0,1,-1,-1,-1,-1,0,10,-1,1,1,3,-1,-1,-1,0,0,1,0,0,10,0,0,0,5.5
1,0,0,0,-1,0,1,4,0,0,0,0,0,0,2,2,0,-1,2,0,2,3,0,-1,100,0,9223372036800000000,1e+75,0,10,0,0,7,0,0,1,0,0,1,1,0,0,500,0,0,0,2,0,1,-1,-1,-1,-1,0,10,-1,1,1,3,-1,-1,-1,0,0,1,0,0,10,0,0,0,5.45
1,0,0,0,-1,0,1,2,0,0,0,0,1,0,2,1,2,0,2,-1,-1,3,0,-1,150,0,9223372036800000000,1e+75,0,10,0,0,7,0,0,1,0,0,1,1,0,0,0,0,0,0,2,0,1,-1,-1,-1,-1,0,10,-1,1,1,3,-1,-1,-1,0,0,1,0,0,10,0,0,0,4.06
1,0,0,0,-1,0,1,3,0,0,0,0,2,0,2,0,2,2,-1,2,1,3,0,16,50,0,9223372036800000000,1e+75,0,10,0,0,2,0,0,1,100,0,0,1,0,0,20,0,1,0,2,0,1,-1,-1,-1,-1,1,10,-1,1,1,3,-1,-1,1,0,0,1,0,0,10,0,0,0,10.13
1,0,0,0,-1,0,1,2,0,0,0,0,1,0,2,1,2,2,2,1,-1,3,0,-1,150,0,9223372036800000000,1e+75,0,10,0,0,7,0,0,1,0,0,1,1,0,0,0,0,0,0,2,0,1,-1,-1,-1,-1,0,10,-1,1,1,3,-1,-1,-1,0,0,1,0,0,10,0,0,0,4.22
1,0,0,0,-1,0,1,0,0,0,0,0,-1,0,0,1,0,0,0,0,0,3,0,-1,400,0,9223372036800000000,1e+75,0,10,0,0,7,0,0,1,0,0,1,1,0,0,0,0,0,0,2,0,1,-1,-1,-1,-1,0,10,-1,1,1,3,-1,-1,-1,0,0,1,0,0,10,0,0,0,5.49
1,0,0,0,-1,0,1,0,0,0,0,0,-1,0,-1,0,0,2,1,2,0,3,0,-1,800,0,9223372036800000000,1e+75,0,10,0,0,7,0,0,1,0,0,1,1,0,0,0,0,0,0,2,0,1,-1,-1,-1,-1,0,10,-1,1,1,3,-1,-1,-1,0,0,1,0,0,10,0,0,0,5.73
1,0,0,0,-1,0,1,1,0,0,0,0,0,0,3,1,0,2,0,1,1,3,0,-1,800,0,9223372036800000000,1e+75,0,10,0,0,7,0,0,1,0,0,1,1,0,0,0,0,0,0,2,0,1,-1,-1,-1,-1,0,10,-1,1,1,3,-1,-1,-1,0,0,1,0,0,10,0,0,0,9.59
1,0,0,0,-1,0,1,2,0,0,0,0,1,0,0,0,2,1,-1,1,2,3,0,-1,800,0,9223372036800000000,1e+75,0,10,0,0,7,0,0,1,0,0,1,1,0,0,0,0,0,0,2,0,1,-1,-1,-1,-1,0,10,-1,1,1,3,-1,-1,-1,0,0,1,0,0,10,0,0,0,4.19
1,0,0,0,-1,0,1,0,0,0,0,0,0,0,0,0,2,2,1,1,2,3,0,4,400,0,9223372036800000000,1e+75,0,10,0,0,4,0,0,1,0,0,3,1,0,0,100,0,0,0,2,0,1,-1,-1,-1,-1,0,10,-1,1,1,3,-1,-1,-1,0,0,1,0,0,10,0,0,0,9.97
1,0,0,0,-1,0,1,0,0,0,0,0,-1,0,1,-1,0,0,0,0,0,3,0,-1,200,0,9223372036800000000,1e+75,0,10,0,0,7,0,0,1,0,0,1,1,0,0,0,0,0,0,2,0,1,-1,-1,-1,-1,0,10,-1,1,1,3,-1,-1,-1,0,0,1,0,0,10,0,0,0,5.76
1,0,0,0,-1,0,1,0,0,0,0,0,0,0,-1,-1,-1,-1,-1,-1,1,3,0,1,200,0,9223372036800000000,1e+75,0,10,0,0,10,0,0,1,20,0,2,1,0,0,0,0,2,0,2,0,1,-1,-1,-1,-1,-1,10,-1,1,1,3,-1,-1,2,0,0,1,0,0,10,0,0,0,10.19
1,0,0,0,-1,0,1,5,0,0,0,0,1,0,3,0,2,1,-1,1,2,3,0,-1,800,0,9223372036800000000,1e+75,0,10,0,0,7,0,0,1,0,0,1,1,0,0,0,0,0,0,2,0,1,-1,-1,-1,-1,0,10,-1,1,1,3,-1,-1,-1,0,0,1,0,0,10,0,0,0,7.14
1,0,0,0,-1,0,1,2,0,0,0,0,-1,0,-1,1,0,1,2,-1,1,3,0,2,800,0,9223372036800000000,1e+75,0,10,0,0,3,0,0,1,0,0,3,1,0,0,1000,0,0,0,2,0,1,-1,-1,-1,-1,0,10,-1,1,1,3,-1,-1,-1,0,0,1,0,0,10,0,0,0,8.64
1,0,0,0,-1,0,1,0,0,0,0,0,-1,0,0,1,0,0,-1,0,0,3,0,-1,200,0,9223372036800000000,1e+75,0,10,0,0,7,0,0,1,0,0,1,1,0,0,0,0,0,0,2,0,1,-1,-1,-1,-1,0,10,-1,1,1,3,-1,-1,-1,0,0,1,0,0,10,0,0,0,5.48
1,0,0,0,-1,0,1,5,0,0,0,0,1,0,-1,0,1,2,-1,2,0,3,0,2,200,0,9223372036800000000,1e+75,0,10,0,0,10,0,0,1,-1,0,3,1,0,0,20,0,2,0,2,0,1,-1,-1,-1,-1,0,10,-1,1,1,3,-1,-1,3,0,0,1,0,0,10,0,0,0,9.43
1,0,0,0,-1,0,1,2,0,0,0,0,1,0,3,0,2,1,-1,1,2,3,0,-1,800,0,9223372036800000000,1e+75,0,10,0,0,7,0,0,1,0,0,1,1,0,0,0,0,0,0,2,0,1,-1,-1,-1,-1,0,10,-1,1,1,3,-1,-1,-1,0,0,1,0,0,10,0,0,0,4.16
1,0,0,0,-1,0,1,5,0,0,0,0,1,0,0,-1,2,1,-1,1,2,3,0,-1,800,0,9223372036800000000,1e+75,0,10,0,0,7,0,0,1,0,0,1,1,0,0,0,0,0,0,2,0,1,-1,-1,-1,-1,0,10,-1,1,1,3,-1,-1,-1,0,0,1,0,0,10,0,0,0,6.6
1,0,0,0,-1,0,1,0,0,0,0,0,1,0,1,-1,0,-1,2,2,1,3,0,1,200,0,9223372036800000000,1e+75,0,10,0,0,7,0,0,1,0,0,1,1,0,0,0,0,0,0,2,0,1,-1,-1,-1,-1,0,10,-1,1,1,3,-1,-1,-1,0,0,1,0,0,10,0,0,0,5.04
1,0,0,0,-1,0,1,3,0,0,0,0,3,0,2,1,2,2,-1,0,0,3,0,-1,50,0,9223372036800000000,1e+75,0,10,0,0,7,0,0,1,0,0,1,1,0,0,0,0,0,0,2,0,1,-1,-1,-1,-1,0,10,-1,1,1,3,-1,-1,-1,0,0,1,0,0,10,0,0,0,4.2
1,0,0,0,-1,0,1,1,0,0,0,0,0,0,1,1,2,0,0,0,1,3,0,8,10,0,9223372036800000000,1e+75,0,10,0,0,7,0,0,1,20,0,3,1,0,0,60,0,4,0,2,0,1,-1,-1,-1,-1,0,10,-1,1,1,3,-1,-1,5,0,0,1,0,0,10,0,0,0,13.14
1,0,0,0,-1,0,1,1,0,0,0,0,-1,0,2,0,0,1,1,2,-1,3,0,-1,800,0,9223372036800000000,1e+75,0,10,0,0,7,0,0,1,0,0,3,1,0,0,500,0,0,0,2,0,1,-1,-1,-1,-1,0,10,-1,1,1,3,-1,-1,-1,0,0,1,0,0,10,0,0,0,11.67
1,0,0,0,-1,0,1,3,0,0,0,0,0,0,1,-1,0,-1,2,2,1,3,0,-1,200,0,9223372036800000000,1e+75,0,10,0,0,7,0,0,1,0,0,1,1,0,0,0,0,0,0,2,0,1,-1,-1,-1,-1,0,10,-1,1,1,3,-1,-1,-1,0,0,1,0,0,10,0,0,0,3.87
1,0,0,0,-1,0,1,1,0,0,0,0,0,0,1,1,2,0,0,0,1,3,0,8,10,0,9223372036800000000,1e+75,0,10,0,0,7,0,0,1,20,0,3,1,0,0,0,0,2,0,2,0,1,-1,-1,-1,-1,0,10,-1,1,1,3,-1,-1,4,0,0,1,0,0,10,0,0,0,11.74
1,0,0,0,-1,0,1,2,0,0,0,0,3,0,-1,2,0,0,2,2,2,3,0,8,50,0,9223372036800000000,1e+75,0,10,0,0,7,0,0,1,0,0,0,1,0,0,0,0,0,0,2,0,1,-1,-1,-1,-1,0,10,-1,1,1,3,-1,-1,-1,0,0,1,0,0,10,0,0,0,11.62
1,0,0,0,-1,0,1,3,0,0,0,0,-1,0,0,1,0,0,0,1,0,3,0,-1,200,0,9223372036800000000,1e+75,0,10,0,0,7,0,0,1,0,0,1,1,0,0,0,0,0,0,2,0,1,-1,-1,-1,-1,0,10,-1,1,1,3,-1,-1,-1,0,0,1,0,0,10,0,0,0,4.25
1,0,0,0,-1,0,1,3,0,0,0,0,-1,0,2,-1,0,-1,2,2,1,3,0,-1,200,0,9223372036800000000,1e+75,0,10,0,0,7,0,0,1,0,0,1,1,0,0,0,0,0,0,2,0,1,-1,-1,-1,-1,0,10,-1,1,1,3,-1,-1,-1,0,0,1,0,0,10,0,0,0,3.87
1,0,0,0,-1,0,1,2,0,0,0,0,-1,0,-1,0,0,2,-1,2,0,3,0,-1,50,0,9223372036800000000,1e+75,0,10,0,0,7,0,0,1,0,0,1,1,0,0,0,0,0,0,2,0,1,-1,-1,-1,-1,0,10,-1,1,1,3,-1,-1,-1,0,0,1,0,0,10,0,0,0,4.77
1,0,0,0,-1,0,1,2,0,0,0,0,-1,0,-1,2,-1,2,1,0,0,3,0,-1,800,0,9223372036800000000,1e+75,0,10,0,0,7,0,0,1,0,0,1,1,0,0,0,0,0,0,2,0,1,-1,-1,-1,-1,0,10,-1,1,1,3,-1,-1,-1,0,0,1,0,0,10,0,0,0,3.93
1,0,0,0,-1,0,1,3,0,0,0,0,-1,0,1,2,0,-1,2,2,1,3,0,-1,200,0,9223372036800000000,1e+75,0,10,0,0,7,0,0,1,0,0,1,1,0,0,0,0,0,0,2,0,1,-1,-1,-1,-1,0,10,-1,1,1,3,-1,-1,-1,0,0,1,0,0,10,0,0,0,3.92
1,0,0,0,-1,0,1,3,0,0,0,0,-1,0,1,-1,0,-1,2,2,1,3,0,-1,200,0,9223372036800000000,1e+75,0,10,0,0,7,0,0,1,0,0,1,1,0,-1,0,0,0,0,2,0,1,-1,-1,-1,-1,0,10,-1,1,1,3,-1,-1,-1,0,0,1,0,0,10,0,0,0,3.86
1,0,0,0,-1,0,1,2,0,0,0,0,3,0,-1,0,0,-1,2,2,2,3,0,8,50,0,9223372036800000000,1e+75,0,10,0,0,7,0,0,1,0,0,0,1,0,0,0,0,0,0,2,0,1,-1,-1,-1,-1,0,10,-1,1,1,3,-1,-1,-1,0,0,1,0,0,10,0,0,0,10.77
1,0,0,0,-1,0,1,3,0,0,0,0,-1,0,1,0,0,-1,2,2,1,3,0,-1,200,0,9223372036800000000,1e+75,0,10,0,0,7,0,0,1,0,0,1,1,0,0,0,0,0,0,2,0,1,-1,-1,-1,-1,0,10,-1,1,1,3,-1,-1,-1,0,0,1,0,0,10,0,0,0,3.87
1,0,0,0,-1,0,1,3,0,0,0,0,1,0,1,-1,0,-1,-1,2,1,3,0,1,200,0,9223372036800000000,1e+75,0,10,0,0,7,0,0,1,20,0,1,1,0,0,-1,0,0,0,2,0,1,-1,-1,-1,-1,0,10,-1,1,1,3,-1,-1,-1,0,0,1,0,0,10,0,0,0,3.22
1,0,0,0,-1,0,1,3,0,0,0,0,-1,0,1,-1,0,-1,2,2,1,3,0,-1,200,0,9223372036800000000,120,0,10,0,0,7,0,0,1,0,0,1,1,0,0,0,0,0,0,2,0,1,-1,-1,-1,-1,0,10,-1,1,1,3,-1,-1,-1,0,0,1,0,0,10,0,0,0,3.86
1,0,0,0,-1,0,1,0,0,0,0,0,0,0,-1,-1,-1,-1,2,2,1,3,0,1,200,0,9223372036800000000,1e+75,0,10,0,0,10,0,0,1,20,0,2,1,0,0,20,0,2,0,2,0,1,-1,-1,-1,-1,-1,10,-1,1,1,3,-1,-1,2,0,0,1,0,0,10,0,0,0,9.26
1,0,0,0,-1,0,1,3,0,0,0,0,2,0,-1,2,0,1,2,-1,0,3,0,-1,400,0,9223372036800000000,1e+75,0,10,0,0,5,0,0,1,40,0,2,1,0,0,0,0,5,0,2,0,1,-1,-1,-1,-1,0,10,-1,1,1,3,-1,-1,4,0,0,1,0,0,10,0,0,0,12.48
1,0,0,0,-1,0,1,2,0,0,0,0,3,0,-1,1,0,-1,2,2,2,3,0,8,50,0,9223372036800000000,1e+75,0,10,0,0,7,0,0,1,0,0,0,1,0,0,0,0,0,0,2,0,1,-1,-1,-1,-1,0,10,-1,1,1,3,-1,-1,-1,0,0,1,0,0,10,0,0,0,10.77
1,0,0,0,-1,0,1,3,0,0,0,0,3,0,1,-1,0,-1,2,2,1,3,0,-1,200,0,9223372036800000000,1e+75,0,10,0,0,7,0,0,1,0,0,1,1,0,0,0,0,0,0,2,0,1,-1,-1,-1,-1,0,10,-1,1,1,3,-1,-1,-1,0,0,1,0,0,10,0,0,0,3.87
1,0,0,0,-1,0,1,3,0,0,0,0,-1,0,1,-1,0,-1,2,2,1,3,0,-1,200,0,9223372036800000000,60,0,10,0,0,7,0,0,1,0,0,1,1,0,0,0,0,0,0,2,0,1,-1,-1,-1,-1,0,10,-1,1,1,3,-1,-1,-1,0,0,1,0,0,10,0,0,0,3.86
1,0,0,0,-1,0,1,5,0,0,0,0,2,0,-1,0,-1,2,-1,2,0,3,0,2,200,0,9223372036800000000,1e+75,0,10,0,0,10,0,0,1,-1,0,3,1,0,0,20,0,2,0,2,0,1,-1,-1,-1,-1,0,10,-1,1,1,3,-1,-1,3,0,0,1,0,0,10,0,0,0,9.43
1,0,0,0,-1,0,1,3,0,0,0,0,1,0,1,-1,0,-1,2,2,0,3,0,1,200,0,9223372036800000000,1e+75,0,10,0,0,7,0,0,1,0,0,1,1,0,0,0,0,0,0,2,0,1,-1,-1,-1,-1,0,10,-1,1,1,3,-1,-1,-1,0,0,1,0,0,10,0,0,0,3.5
1,0,0,0,-1,0,1,5,0,0,0,0,2,0,-1,0,1,2,-1,2,0,3,0,8,200,0,9223372036800000000,1e+75,0,10,0,0,10,0,0,1,-1,0,3,1,0,0,20,0,2,0,2,0,1,-1,-1,-1,-1,0,10,-1,1,1,3,-1,-1,3,0,0,1,0,0,10,0,0,0,9.45
1,0,0,0,-1,0,1,3,0,0,0,0,-1,0,1,-1,0,-1,0,2,1,3,0,-1,200,0,9223372036800000000,1e+75,0,10,0,0,7,0,0,1,0,0,1,1,0,0,0,0,0,0,2,0,1,-1,-1,-1,-1,0,10,-1,1,1,3,-1,-1,-1,0,0,1,0,0,10,0,0,0,3.86
1,0,0,0,-1,0,1,5,0,0,0,0,2,0,-1,0,2,2,-1,2,0,3,0,2,200,0,9223372036800000000,1e+75,0,10,0,0,10,0,0,1,-1,0,3,1,0,0,1000,0,2,0,2,0,1,-1,-1,-1,-1,0,10,-1,1,1,3,-1,-1,3,0,0,1,0,0,10,0,0,0,9.42
1,0,0,0,-1,0,1,5,0,0,0,0,1,0,0,2,2,1,-1,0,2,3,0,-1,800,0,9223372036800000000,1e+75,0,10,0,0,7,0,0,1,0,0,1,1,0,0,0,0,0,0,2,0,1,-1,-1,-1,-1,0,10,-1,1,1,3,-1,-1,-1,0,0,1,0,0,10,0,0,0,7.03
1,0,0,0,-1,0,1,2,0,0,0,0,1,0,2,1,-1,2,2,-1,-1,3,0,-1,150,0,9223372036800000000,1e+75,0,10,0,0,7,0,0,1,0,0,1,1,0,0,0,0,0,0,2,0,1,-1,-1,-1,-1,0,10,-1,1,1,3,-1,-1,-1,0,0,1,0,0,10,0,0,0,4.05
1,0,0,0,-1,0,1,5,0,0,0,0,2,0,2,0,1,2,-1,2,0,3,0,2,200,0,9223372036800000000,1e+75,0,10,0,0,10,0,0,1,-1,0,3,1,0,0,20,0,2,0,2,0,1,-1,-1,-1,-1,0,10,-1,1,1,3,-1,-1,3,0,0,1,0,0,10,0,0,0,9.43
1,0,0,0,-1,0,1,0,0,0,0,0,0,0,3,1,0,2,0,1,-1,3,0,-1,800,0,9223372036800000000,1e+75,0,10,0,0,7,0,0,1,0,0,1,1,0,0,0,0,0,0,2,0,1,-1,-1,-1,-1,0,10,-1,1,1,3,-1,-1,-1,0,0,1,0,0,10,0,0,0,5.59
1,0,0,0,-1,0,1,2,0,0,0,0,1,0,2,1,2,2,2,-1,2,3,0,-1,150,0,9223372036800000000,1e+75,0,10,0,0,7,0,0,1,0,0,1,1,0,0,0,0,0,0,2,0,1,-1,-1,-1,-1,0,10,-1,1,1,3,-1,-1,-1,0,0,1,0,0,10,0,0,0,4.05
1,0,0,0,-1,0,1,5,0,0,0,0,1,0,0,0,0,1,-1,1,2,3,0,-1,800,0,9223372036800000000,1e+75,0,10,0,0,7,0,0,1,0,0,1,1,0,0,0,0,0,0,2,0,1,-1,-1,-1,-1,0,10,-1,1,1,3,-1,-1,-1,0,0,1,0,0,10,0,0,0,6.63
1,0,0,0,-1,0,1,2,0,0,0,0,0,0,3,1,0,2,0,1,-1,3,0,-1,10,0,9223372036800000000,1e+75,0,10,0,0,7,0,0,1,0,0,1,1,0,0,0,0,0,0,2,0,1,-1,-1,-1,-1,0,10,-1,1,1,3,-1,-1,-1,0,0,1,0,0,10,0,0,0,4.21
1,0,0,0,-1,0,1,3,0,0,0,0,-1,0,0,1,0,0,0,0,0,3,0,-1,200,0,9223372036800000000,1e+75,0,10,0,0,7,0,0,1,0,0,1,1,0,0,0,0,0,0,2,0,1,-1,-1,-1,-1,0,10,-1,1,1,3,-1,-1,-1,0,0,1,0,0,10,0,0,0,4.03
1,0,0,0,-1,0,1,5,0,0,0,0,1,0,0,0,0,-1,-1,1,2,3,0,-1,800,0,9223372036800000000,1e+75,0,10,0,0,7,0,0,1,0,0,1,1,0,0,0,0,0,0,2,0,1,-1,-1,-1,-1,0,10,-1,1,1,3,-1,-1,-1,0,0,1,0,0,10,0,0,0,6.88
1,0,0,0,-1,0,1,5,0,0,0,0,1,0,0,2,2,1,-1,1,2,3,0,-1,800,0,9223372036800000000,1e+75,0,10,0,0,7,0,0,1,0,0,1,1,0,0,0,0,0,0,2,0,1,-1,-1,-1,-1,0,10,-1,1,1,3,-1,-1,-1,0,0,1,0,0,10,0,0,0,6.26
1,0,0,0,-1,0,1,5,0,0,0,0,2,0,-1,0,1,2,-1,2,0,3,0,2,200,0,9223372036800000000,1e+75,0,10,0,0,10,0,0,1,-1,0,3,1,0,0,20,0,2,0,2,0,1,-1,-1,-1,-1,0,10,-1,1,1,3,-1,-1,3,0,0,1,0,0,10,0,0,0,9.43
1,0,0,0,-1,0,1,3,0,0,0,0,3,0,-1,1,2,2,-1,0,0,3,0,-1,10,0,9223372036800000000,1e+75,0,10,0,0,7,0,0,1,0,0,1,1,0,0,0,0,0,0,2,0,1,-1,-1,-1,-1,0,10,-1,1,1,3,-1,-1,-1,0,0,1,0,0,10,0,0,0,4.32
1,0,0,0,-1,0,1,1,0,0,0,0,-1,0,2,0,0,-1,1,2,-1,3,0,-1,800,0,9223372036800000000,1e+75,0,10,0,0,7,0,0,1,0,0,0,1,0,0,500,0,0,0,2,0,1,-1,-1,-1,-1,0,10,-1,1,1,3,-1,-1,-1,0,0,1,0,0,10,0,0,0,11.9
1,0,0,0,-1,0,1,3,0,0,0,0,3,0,0,0,-1,1,1,-1,0,3,0,-1,800,0,9223372036800000000,1e+75,0,10,0,0,5,0,0,1,1000,0,1,1,0,0,20,0,0,0,2,0,1,-1,-1,-1,-1,-1,10,-1,1,1,3,-1,-1,4,0,0,1,0,0,10,0,0,0,5.94
1,0,0,0,-1,0,1,1,0,0,0,0,0,0,1,1,2,0,0,2,1,3,0,8,50,0,9223372036800000000,1e+75,0,10,0,0,7,0,0,1,20,0,3,1,0,0,60,0,4,0,2,0,1,-1,-1,-1,-1,0,10,-1,1,1,3,-1,-1,4,0,0,1,0,0,10,0,0,0,14.94
1,0,0,0,-1,0,1,5,0,0,0,0,1,0,-1,2,2,1,-1,1,2,3,0,-1,800,0,9223372036800000000,1e+75,0,10,0,0,7,0,0,1,0,0,1,1,0,0,0,0,0,0,2,0,1,-1,-1,-1,-1,0,10,-1,1,1,3,-1,-1,-1,0,0,1,0,0,10,0,0,0,6.26
1,0,0,0,-1,0,1,0,0,0,0,0,1,0,-1,-1,-1,-1,2,-1,1,3,0,1,200,0,9223372036800000000,1e+75,0,10,0,0,10,0,0,1,20,0,2,1,0,0,0,0,2,0,2,0,1,-1,-1,-1,-1,-1,10,-1,1,1,3,-1,-1,2,0,0,1,0,0,10,0,0,0,9.51
1,0,0,0,-1,0,1,0,0,0,0,0,-1,0,0,-1,-1,2,1,-1,2,3,0,1,400,0,9223372036800000000,1e+75,0,10,0,0,10,0,0,1,0,0,2,1,0,0,20,0,0,0,2,0,1,-1,-1,-1,-1,0,10,-1,1,1,3,-1,-1,-1,0,0,1,0,0,10,0,0,0,9.3
1,0,0,0,-1,0,1,3,0,0,0,0,2,0,-1,2,0,1,2,-1,0,3,0,-1,150,0,9223372036800000000,1e+75,0,10,0,0,5,0,0,1,-1,0,2,1,0,0,0,0,3,0,2,0,1,-1,-1,-1,-1,0,10,-1,1,1,3,-1,-1,4,0,0,1,0,0,10,0,0,0,93.24
1,0,0,0,-1,0,1,2,0,0,0,0,-1,0,-1,0,0,2,0,2,0,3,0,-1,800,0,9223372036800000000,1e+75,0,10,0,0,7,0,0,1,0,0,1,1,0,0,0,0,0,0,2,0,1,-1,-1,-1,-1,0,10,-1,1,1,3,-1,-1,-1,0,0,1,0,0,10,0,0,0,4.77
1,0,0,0,-1,0,1,2,0,0,0,0,1,0,2,0,2,1,-1,1,2,3,0,-1,800,0,9223372036800000000,1e+75,0,10,0,0,7,0,0,1,0,0,1,1,0,0,0,0,0,0,2,0,1,-1,-1,-1,-1,0,10,-1,1,1,3,-1,-1,-1,0,0,1,0,0,10,0,0,0,4.19
1,0,0,0,-1,0,1,3,0,0,0,0,3,0,-1,1,2,2,0,0,0,3,0,-1,50,0,9223372036800000000,1e+75,0,10,0,0,7,0,0,1,0,0,1,1,0,0,0,0,0,0,2,0,1,-1,-1,-1,-1,0,10,-1,1,1,3,-1,-1,-1,0,0,1,0,0,10,0,0,0,4.21
1,0,0,0,-1,0,1,3,0,0,0,0,-1,0,1,-1,0,-1,2,2,1,3,0,-1,200,0,9223372036800000000,5,0,10,0,0,7,0,0,1,0,0,1,1,0,0,0,0,0,0,2,0,1,-1,-1,-1,-1,0,10,-1,1,1,3,-1,-1,-1,0,0,1,0,0,10,0,0,0,3.87
1,0,0,0,-1,0,1,1,0,0,0,0,2,0,0,-1,2,2,-1,2,2,3,0,4,150,0,9223372036800000000,1e+75,0,10,0,0,5,0,0,1,0,0,1,1,0,0,1000,0,5,0,2,0,1,-1,-1,-1,-1,-1,10,-1,1,1,3,-1,-1,3,0,0,1,0,0,10,0,0,0,12.24
1,0,0,0,-1,0,1,4,0,0,0,0,0,0,2,2,0,-1,2,0,2,3,0,4,100,0,9223372036800000000,1e+75,0,10,0,0,7,0,0,1,0,0,1,1,0,0,500,0,0,0,2,0,1,-1,-1,-1,-1,0,10,-1,1,1,3,-1,-1,-1,0,0,1,0,0,10,0,0,0,6.03
1,0,0,0,-1,0,1,3,0,0,0,0,-1,0,1,-1,0,-1,2,2,1,3,0,-1,200,0,9223372036800000000,1e+75,0,10,0,0,5,0,0,1,0,0,1,1,0,0,0,0,0,0,2,0,1,-1,-1,-1,-1,0,10,-1,1,1,3,-1,-1,-1,0,0,1,0,0,10,0,0,0,3.86
1,0,0,0,-1,0,1,2,0,0,0,0,-1,0,1,0,0,2,1,2,0,3,0,-1,800,0,9223372036800000000,1e+75,0,10,0,0,7,0,0,1,0,0,1,1,0,0,0,0,0,0,2,0,1,-1,-1,-1,-1,0,10,-1,1,1,3,-1,-1,-1,0,0,1,0,0,10,0,0,0,4.77
1,0,0,0,-1,0,1,3,0,0,0,0,1,0,1,-1,0,0,2,2,1,3,0,1,400,0,9223372036800000000,1e+75,0,10,0,0,7,0,0,1,0,0,1,1,0,0,-1,0,0,0,2,0,1,-1,-1,-1,-1,1,10,-1,1,1,3,-1,-1,-1,0,0,1,0,0,10,0,0,0,3.1
1,0,0,0,-1,0,1,3,0,0,0,0,1,0,1,-1,0,0,2,2,1,3,0,16,25,0,9223372036800000000,1e+75,0,10,0,0,7,0,0,1,0,0,1,1,0,0,-1,0,0,0,2,0,1,-1,-1,-1,-1,1,10,-1,1,1,3,-1,-1,-1,0,0,1,0,0,10,0,0,0,4.71
1,0,0,0,-1,0,1,2,0,0,0,0,0,0,3,1,0,2,0,0,-1,3,0,-1,800,0,9223372036800000000,1e+75,0,10,0,0,7,0,0,1,0,0,1,1,0,0,0,0,0,0,2,0,1,-1,-1,-1,-1,0,10,-1,1,1,3,-1,-1,-1,0,0,1,0,0,10,0,0,0,4.49
1,0,0,0,-1,0,1,4,0,0,0,0,0,0,2,2,0,2,2,0,2,3,0,-1,100,0,9223372036800000000,1e+75,0,10,0,0,7,0,0,1,0,0,1,1,0,0,1000,0,0,0,2,0,1,-1,-1,-1,-1,0,10,-1,1,1,3,-1,-1,-1,0,0,1,0,0,10,0,0,0,5.28
1,0,0,0,-1,0,1,2,0,0,0,0,1,0,3,2,2,1,-1,1,2,3,0,-1,800,0,9223372036800000000,1e+75,0,10,0,0,7,0,0,1,0,0,1,1,0,0,0,0,0,0,2,0,1,-1,-1,-1,-1,0,10,-1,1,1,3,-1,-1,-1,0,0,1,0,0,10,0,0,0,4.08
1,0,0,0,-1,0,1,2,0,0,0,0,-1,0,-1,1,-1,2,1,0,0,3,0,-1,400,0,9223372036800000000,1e+75,0,10,0,0,7,0,0,1,0,0,1,1,0,0,0,0,0,0,2,0,1,-1,-1,-1,-1,0,10,-1,1,1,3,-1,-1,-1,0,0,1,0,0,10,0,0,0,3.97
1,0,0,0,-1,0,1,3,0,0,0,0,3,0,-1,0,2,2,-1,0,0,3,0,-1,50,0,9223372036800000000,1e+75,0,10,0,0,7,0,0,1,0,0,1,1,0,0,0,0,0,0,2,0,1,-1,-1,-1,-1,0,10,-1,1,1,3,-1,-1,-1,0,0,1,0,0,10,0,0,0,4.21
1,0,0,0,-1,0,1,3,0,0,0,0,-1,0,1,-1,0,-1,2,2,1,3,0,-1,200,0,9223372036800000000,2,0,10,0,0,7,0,0,1,0,0,1,1,0,0,0,0,0,0,2,0,1,-1,-1,-1,-1,0,10,-1,1,1,3,-1,-1,-1,0,0,1,0,0,10,0,0,0,3.87
1,0,0,0,-1,0,1,3,0,0,0,0,1,0,1,-1,0,0,2,2,1,3,0,1,25,0,9223372036800000000,1e+75,0,10,0,0,7,0,0,1,0,0,1,1,0,0,-1,0,0,0,2,0,1,-1,-1,-1,-1,1,10,-1,1,1,3,-1,-1,-1,0,0,1,0,0,10,-1,0,0,3.1
1,0,0,0,-1,0,1,0,0,0,0,0,-1,0,0,-1,-1,2,1,-1,2,3,0,1,100,0,9223372036800000000,1e+75,0,10,0,0,10,0,0,1,0,0,0,1,0,0,0,0,0,0,2,0,1,-1,-1,-1,-1,0,10,-1,1,1,3,-1,-1,-1,0,0,1,0,0,10,0,0,0,11.57
1,0,0,0,-1,0,1,3,0,0,0,0,-1,0,0,1,0,2,0,0,0,3,0,-1,200,0,9223372036800000000,1e+75,0,10,0,0,7,0,0,1,0,0,1,1,0,0,0,0,0,0,2,0,1,-1,-1,-1,-1,0,10,-1,1,1,3,-1,-1,-1,0,0,1,0,0,10,0,0,0,4.2
1,0,0,0,-1,0,1,2,0,0,0,0,2,0,1,-1,1,-1,2,1,0,3,0,-1,100,0,9223372036800000000,1e+75,0,10,0,0,7,0,0,1,0,0,1,1,0,0,0,0,0,0,2,0,1,-1,-1,-1,-1,0,10,-1,1,1,3,-1,-1,-1,0,0,1,0,0,10,0,0,0,4.03
1,0,0,0,-1,0,1,3,0,0,0,0,-1,0,1,-1,0,-1,2,2,1,3,0,-1,200,0,9223372036800000000,1e+75,0,10,0,0,7,0,0,1,0,0,3,1,0,0,0,0,0,0,2,0,1,-1,-1,-1,-1,0,10,-1,1,1,3,-1,-1,-1,0,0,1,0,0,10,0,0,0,10.87
1,0,0,0,-1,0,1,2,0,0,0,0,1,0,2,1,2,2,1,-1,-1,3,0,-1,150,0,9223372036800000000,1e+75,0,10,0,0,7,0,0,1,0,0,1,1,0,0,0,0,0,0,2,0,1,-1,-1,-1,-1,0,10,-1,1,1,3,-1,-1,-1,0,0,1,0,0,10,0,0,0,3.93
1,0,0,0,-1,0,1,3,0,0,0,0,2,0,2,0,2,2,-1,2,1,3,0,-1,10,0,9223372036800000000,1e+75,0,10,0,0,2,0,0,1,20,0,0,1,0,0,40,0,1,0,2,0,1,-1,-1,-1,-1,1,10,-1,1,1,3,-1,-1,1,0,0,1,0,0,10,0,0,0,11.74
1,0,0,0,-1,0,1,0,0,0,0,0,-1,0,0,1,0,0,1,0,0,3,0,-1,200,0,9223372036800000000,1e+75,0,10,0,0,7,0,0,1,0,0,1,1,0,0,0,0,0,0,2,0,1,-1,-1,-1,-1,0,10,-1,1,1,3,-1,-1,-1,0,0,1,0,0,10,0,0,0,5.5
1,0,0,0,-1,0,1,0,0,0,0,0,0,0,0,0,0,0,0,0,0,3,0,-1,200,0,9223372036800000000,1e+75,0,10,0,0,7,0,0,1,0,0,1,1,0,0,0,0,0,0,2,0,1,-1,-1,-1,-1,0,10,-1,1,1,3,-1,-1,-1,0,0,1,0,0,10,0,0,0,6.3
1,0,0,0,-1,0,1,3,0,0,0,0,3,0,-1,1,0,2,-1,0,0,3,0,-1,50,0,9223372036800000000,1e+75,0,10,0,0,7,0,0,1,0,0,1,1,0,0,0,0,0,0,2,0,1,-1,-1,-1,-1,0,10,-1,1,1,3,-1,-1,-1,0,0,1,0,0,10,0,0,0,4.21
1,0,0,0,-1,0,1,5,0,0,0,0,2,0,-1,0,1,2,-1,2,0,3,0,2,200,0,9223372036800000000,1e+75,0,10,0,0,10,0,0,1,-1,0,3,1,0,0,1000,0,2,0,2,0,1,-1,-1,-1,-1,0,10,-1,1,1,3,-1,-1,3,0,0,1,0,0,10,0,0,0,9.42
1,0,0,0,-1,0,1,3,0,0,0,0,3,0,-1,1,2,2,-1,0,-1,3,0,-1,50,0,9223372036800000000,1e+75,0,10,0,0,7,0,0,1,0,0,1,1,0,0,0,0,0,0,2,0,1,-1,-1,-1,-1,0,10,-1,1,1,3,-1,-1,-1,0,0,1,0,0,10,0,0,0,4.21
1,0,0,0,-1,0,1,3,0,0,0,0,1,0,1,1,0,-1,2,2,1,3,0,1,200,0,9223372036800000000,1e+75,0,10,0,0,7,0,0,1,0,0,1,1,0,0,0,0,0,0,2,0,1,-1,-1,-1,-1,0,10,-1,1,1,3,-1,-1,-1,0,0,1,0,0,10,0,0,0,3.5
1,0,0,0,-1,0,1,0,0,0,0,0,3,0,-1,1,2,2,-1,0,0,3,0,-1,50,0,9223372036800000000,1e+75,0,10,0,0,7,0,0,1,0,0,1,1,0,0,0,0,0,0,2,0,1,-1,-1,-1,-1,0,10,-1,1,1,3,-1,-1,-1,0,0,1,0,0,10,0,0,0,5.29
1,0,0,0,-1,0,1,3,0,0,0,0,1,0,-1,1,2,2,-1,0,0,3,0,-1,50,0,9223372036800000000,1e+75,0,10,0,0,7,0,0,1,0,0,1,1,0,0,0,0,0,0,2,0,1,-1,-1,-1,-1,0,10,-1,1,1,3,-1,-1,-1,0,0,1,0,0,10,0,0,0,4.23
1,0,0,0,-1,0,1,2,0,0,0,0,1,0,2,1,2,0,1,1,-1,3,0,-1,150,0,9223372036800000000,1e+75,0,10,0,0,7,0,0,1,0,0,1,1,0,0,0,0,0,0,2,0,1,-1,-1,-1,-1,0,10,-1,1,1,3,-1,-1,-1,0,0,1,0,0,10,0,0,0,4.51
1,0,0,0,-1,0,1,3,0,0,0,0,3,0,-1,-1,2,2,-1,0,0,3,0,-1,50,0,9223372036800000000,1e+75,0,10,0,0,7,0,0,1,0,0,1,1,0,0,0,0,0,0,2,0,1,-1,-1,-1,-1,0,10,-1,1,1,3,-1,-1,-1,0,0,1,0,0,10,0,0,0,4.23
1,0,0,0,-1,0,1,2,0,0,0,0,-1,0,-1,0,0,2,1,2,0,3,0,-1,800,0,9223372036800000000,1e+75,0,10,0,0,7,0,0,1,0,0,1,1,0,0,0,0,0,0,2,0,1,-1,-1,-1,-1,0,10,-1,1,1,3,-1,-1,-1,0,0,1,0,0,10,0,0,0,4.76
1,0,0,0,-1,0,1,4,0,0,0,0,0,0,2,2,0,-1,2,0,2,3,0,-1,100,0,9223372036800000000,1e+75,0,10,0,0,7,0,0,1,0,0,2,1,0,0,1000,0,0,0,2,0,1,-1,-1,-1,-1,0,10,-1,1,1,3,-1,-1,-1,0,0,1,0,0,10,0,0,0,10.93
1,0,0,0,-1,0,1,1,0,0,0,0,0,0,1,1,2,0,0,0,1,3,0,8,10,0,9223372036800000000,1e+75,0,10,0,0,7,0,0,1,500,0,3,1,0,0,60,0,4,0,2,0,1,-1,-1,-1,-1,0,10,-1,1,1,3,-1,-1,4,0,0,1,0,0,10,0,0,0,13.13
1,0,0,0,-1,0,1,3,0,0,0,0,3,0,-1,1,2,2,-1,-1,0,3,0,-1,50,0,9223372036800000000,1e+75,0,10,0,0,7,0,0,1,0,0,1,1,0,0,0,0,0,0,2,0,1,-1,-1,-1,-1,0,10,-1,1,1,3,-1,-1,-1,0,0,1,0,0,10,0,0,0,4.63
1,0,0,0,-1,0,1,3,0,0,0,0,-1,0,-1,1,2,2,-1,0,0,3,0,-1,50,0,9223372036800000000,1e+75,0,10,0,0,7,0,0,1,0,0,1,1,0,0,0,0,0,0,2,0,1,-1,-1,-1,-1,0,10,-1,1,1,3,-1,-1,-1,0,0,1,0,0,10,0,0,0,4.24
1,0,0,0,-1,0,1,3,0,0,0,0,1,0,0,0,-1,1,1,1,0,3,0,-1,25,0,9223372036800000000,1e+75,0,10,0,0,5,0,0,1,1000,0,1,1,0,0,1000,0,0,0,2,0,1,-1,-1,-1,-1,-1,10,-1,1,1,3,-1,-1,4,0,0,1,0,0,10,0,0,0,4.31
1,0,0,0,-1,0,1,2,0,0,0,0,-1,0,1,0,0,-1,2,1,0,3,0,-1,100,0,9223372036800000000,1e+75,0,10,0,0,7,0,0,1,0,0,1,1,0,0,0,0,0,0,2,0,1,-1,-1,-1,-1,0,10,-1,1,1,3,-1,-1,-1,0,0,1,0,0,10,0,0,0,4.15
1,0,0,0,-1,0,1,1,0,0,0,0,0,0,3,1,0,2,0,1,-1,3,0,-1,100,0,9223372036800000000,1e+75,0,10,0,0,7,0,0,1,0,0,1,1,0,0,0,0,0,0,2,0,1,-1,-1,-1,-1,0,10,-1,1,1,3,-1,-1,-1,0,0,1,0,0,10,0,0,0,9.59
1,0,0,0,-1,0,1,2,0,0,0,0,-1,0,1,-1,0,-1,2,1,1,3,0,-1,100,0,9223372036800000000,1e+75,0,10,0,0,7,0,0,1,0,0,1,1,0,0,0,0,0,0,2,0,1,-1,-1,-1,-1,0,10,-1,1,1,3,-1,-1,-1,0,0,1,0,0,10,0,0,0,4.14
1,0,0,0,-1,0,1,2,0,0,0,0,1,0,3,1,0,2,0,1,-1,3,0,-1,800,0,9223372036800000000,1e+75,0,10,0,0,7,0,0,1,0,0,1,1,0,0,0,0,0,0,2,0,1,-1,-1,-1,-1,0,10,-1,1,1,3,-1,-1,-1,0,0,1,0,0,10,0,0,0,4.14
1,0,0,0,-1,0,1,2,0,0,0,0,-1,0,1,-1,0,2,2,1,0,3,0,-1,100,0,9223372036800000000,1e+75,0,10,0,0,7,0,0,1,0,0,1,1,0,0,0,0,0,0,2,0,1,-1,-1,-1,-1,0,10,-1,1,1,3,-1,-1,-1,0,0,1,0,0,10,0,0,0,4.23
1,0,0,0,-1,0,1,2,0,0,0,0,-1,0,1,-1,0,-1,2,2,0,3,0,-1,100,0,9223372036800000000,1e+75,0,10,0,0,7,0,0,1,0,0,1,1,0,0,0,0,0,0,2,0,1,-1,-1,-1,-1,0,10,-1,1,1,3,-1,-1,-1,0,0,1,0,0,10,0,0,0,4.94
1,0,0,0,-1,0,1,3,0,0,0,0,2,0,2,0,2,2,-1,2,1,3,0,16,10,0,9223372036800000000,1e+75,0,10,0,0,2,0,0,1,100,0,0,1,0,0,20,0,1,0,2,0,1,-1,-1,-1,-1,1,10,-1,1,1,3,-1,-1,1,0,0,1,0,0,10,0,0,0,10.13
1,0,0,0,-1,0,1,0,0,0,0,0,-1,0,0,-1,0,0,0,0,0,3,0,-1,200,0,9223372036800000000,1e+75,0,10,0,0,7,0,0,1,0,0,1,1,0,0,0,0,0,0,2,0,1,-1,-1,-1,-1,0,10,-1,1,1,3,-1,-1,-1,0,0,1,0,0,10,0,0,0,5.76
1,0,0,0,-1,0,1,2,0,0,0,0,-1,0,1,-1,0,-1,2,1,-1,3,0,-1,100,0,9223372036800000000,1e+75,0,10,0,0,7,0,0,1,0,0,1,1,0,0,0,0,0,0,2,0,1,-1,-1,-1,-1,0,10,-1,1,1,3,-1,-1,-1,0,0,1,0,0,10,0,0,0,4.14
1,0,0,0,-1,0,1,3,0,0,0,0,1,0,1,-1,0,0,2,2,1,3,0,1,25,0,9223372036800000000,1e+75,0,10,0,0,7,0,0,1,0,0,1,1,0,0,-1,0,0,0,2,0,1,-1,-1,-1,-1,1,10,-1,1,1,3,-1,-1,4,0,0,1,0,0,10,0,0,0,3.1
1,0,0,0,-1,0,1,1,0,0,0,0,-1,0,1,-1,0,-1,2,1,0,3,0,-1,100,0,9223372036800000000,1e+75,0,10,0,0,7,0,0,1,0,0,1,1,0,0,0,0,0,0,2,0,1,-1,-1,-1,-1,0,10,-1,1,1,3,-1,-1,-1,0,0,1,0,0,10,0,0,0,9.75
1,0,0,0,-1,0,1,2,0,0,0,0,-1,0,2,-1,0,-1,2,1,0,3,0,-1,100,0,9223372036800000000,1e+75,0,10,0,0,7,0,0,1,0,0,1,1,0,0,0,0,0,0,2,0,1,-1,-1,-1,-1,0,10,-1,1,1,3,-1,-1,-1,0,0,1,0,0,10,0,0,0,4.14
1,0,0,0,-1,0,1,5,0,0,0,0,2,0,-1,2,1,2,-1,2,0,3,0,2,200,0,9223372036800000000,1e+75,0,10,0,0,10,0,0,1,-1,0,3,1,0,0,20,0,2,0,2,0,1,-1,-1,-1,-1,0,10,-1,1,1,3,-1,-1,3,0,0,1,0,0,10,0,0,0,11.3
1,0,0,0,-1,0,1,2,0,0,0,0,1,0,1,-1,0,-1,2,1,0,3,0,-1,100,0,9223372036800000000,1e+75,0,10,0,0,7,0,0,1,0,0,1,1,0,0,0,0,0,0,2,0,1,-1,-1,-1,-1,0,10,-1,1,1,3,-1,-1,-1,0,0,1,0,0,10,0,0,0,4.14
1,0,0,0,-1,0,1,0,0,0,0,0,2,0,0,-1,0,1,1,-1,-1,3,0,1,800,0,9223372036800000000,1e+75,0,10,0,0,30,0,0,1,0,0,0,1,0,0,40,0,0,0,2,0,1,-1,-1,-1,-1,0,10,-1,1,1,3,-1,-1,-1,0,0,1,0,0,10,0,0,0,10.56
1,0,0,0,-1,0,1,3,0,0,0,0,1,0,-1,0,-1,1,1,1,0,3,0,-1,800,0,9223372036800000000,1e+75,0,10,0,0,5,0,0,1,1000,0,1,1,0,0,1000,0,0,0,2,0,1,-1,-1,-1,-1,-1,10,-1,1,1,3,-1,-1,4,0,0,1,0,0,10,0,0,0,4.31
1,0,0,0,-1,0,1,3,0,0,0,0,2,0,2,0,2,2,-1,2,1,3,0,16,10,0,9223372036800000000,1e+75,0,10,0,0,2,0,0,1,20,0,0,1,0,0,20,0,1,0,2,0,1,-1,-1,-1,-1,1,10,-1,1,1,3,-1,-1,1,0,0,1,0,0,10,0,0,0,11.47
1,0,0,0,-1,0,1,1,0,0,0,0,2,0,0,-1,-1,2,-1,2,2,3,0,4,150,0,9223372036800000000,1e+75,0,10,0,0,5,0,0,1,1000,0,1,1,0,0,1000,0,5,0,2,0,1,-1,-1,-1,-1,-1,10,-1,1,1,3,-1,-1,3,0,0,1,0,0,10,0,0,0,11.25
1,0,0,0,-1,0,1,2,0,0,0,0,-1,0,0,1,0,0,0,0,0,3,0,-1,200,0,9223372036800000000,1e+75,0,10,0,0,7,0,0,1,0,0,1,1,0,0,0,0,0,0,2,0,1,-1,-1,-1,-1,0,10,-1,1,1,3,-1,-1,-1,0,0,1,0,0,10,0,0,0,4.71
1,0,0,0,-1,0,1,2,0,0,0,0,0,0,1,-1,0,-1,2,1,0,3,0,-1,100,0,9223372036800000000,1e+75,0,10,0,0,7,0,0,1,0,0,1,1,0,0,0,0,0,0,2,0,1,-1,-1,-1,-1,0,10,-1,1,1,3,-1,-1,-1,0,0,1,0,0,10,0,0,0,4.15
1,0,0,0,-1,0,1,1,0,0,0,0,2,0,0,-1,2,2,-1,2,2,3,0,4,150,0,9223372036800000000,1e+75,0,10,0,0,5,0,0,1,1000,0,1,1,0,0,40,0,5,0,2,0,1,-1,-1,-1,-1,-1,10,-1,1,1,3,-1,-1,3,0,0,1,0,0,10,0,0,0,11
1,0,0,0,-1,0,1,2,0,0,0,0,-1,0,1,-1,0,-1,2,0,0,3,0,-1,100,0,9223372036800000000,1e+75,0,10,0,0,7,0,0,1,0,0,1,1,0,0,0,0,0,0,2,0,1,-1,-1,-1,-1,0,10,-1,1,1,3,-1,-1,-1,0,0,1,0,0,10,0,0,0,4.14
1,0,0,0,-1,0,1,2,0,0,0,0,3,0,1,-1,0,-1,2,1,0,3,0,-1,100,0,9223372036800000000,1e+75,0,10,0,0,7,0,0,1,0,0,1,1,0,0,0,0,0,0,2,0,1,-1,-1,-1,-1,0,10,-1,1,1,3,-1,-1,-1,0,0,1,0,0,10,0,0,0,4.03
1,0,0,0,-1,0,1,2,0,0,0,0,2,0,1,-1,0,-1,2,1,2,3,0,-1,100,0,9223372036800000000,1e+75,0,10,0,0,7,0,0,1,0,0,1,1,0,0,0,0,0,0,2,0,1,-1,-1,-1,-1,0,10,-1,1,1,3,-1,-1,-1,0,0,1,0,0,10,0,0,0,4.03
1,0,0,0,-1,0,1,3,0,0,0,0,2,0,1,-1,0,-1,2,1,0,3,0,-1,100,0,9223372036800000000,1e+75,0,10,0,0,7,0,0,1,0,0,1,1,0,0,0,0,0,0,2,0,1,-1,-1,-1,-1,0,10,-1,1,1,3,-1,-1,-1,0,0,1,0,0,10,0,0,0,4.39
1,0,0,0,-1,0,1,1,0,0,0,0,0,0,1,2,2,0,0,0,1,3,0,8,10,0,9223372036800000000,1e+75,0,10,0,0,7,0,0,1,20,0,3,1,0,0,60,0,4,0,2,0,1,-1,-1,-1,-1,0,10,-1,1,1,3,-1,-1,4,0,0,1,0,0,10,0,0,0,13.14
1,0,0,0,-1,0,1,3,0,0,0,0,1,0,1,-1,0,-1,2,2,1,3,0,1,200,0,9223372036800000000,1e+75,0,10,0,0,7,0,0,1,20,0,1,1,0,0,-1,0,0,0,2,0,1,-1,-1,-1,-1,0,10,-1,1,1,3,-1,-1,-1,0,0,1,0,0,10,0,0,0,3.22
1,0,0,0,-1,0,1,0,0,0,0,0,2,0,1,-1,0,-1,2,1,0,3,0,-1,100,0,9223372036800000000,1e+75,0,10,0,0,7,0,0,1,0,0,1,1,0,0,0,0,0,0,2,0,1,-1,-1,-1,-1,0,10,-1,1,1,3,-1,-1,-1,0,0,1,0,0,10,0,0,0,5.74
1,0,0,0,-1,0,1,5,0,0,0,0,1,0,0,2,2,1,-1,1,0,3,0,-1,800,0,9223372036800000000,1e+75,0,10,0,0,7,0,0,1,0,0,1,1,0,0,0,0,0,0,2,0,1,-1,-1,-1,-1,0,10,-1,1,1,3,-1,-1,-1,0,0,1,0,0,10,0,0,0,6.26
1,0,0,0,-1,0,1,2,0,0,0,0,3,0,2,1,2,2,1,-1,-1,3,0,-1,150,0,9223372036800000000,1e+75,0,10,0,0,7,0,0,1,0,0,1,1,0,0,0,0,0,0,2,0,1,-1,-1,-1,-1,0,10,-1,1,1,3,-1,-1,-1,0,0,1,0,0,10,0,0,0,4.65
1,0,0,0,-1,0,1,3,0,0,0,0,-1,0,1,-1,0,-1,2,2,1,3,0,-1,200,0,9223372036800000000,1e+75,0,10,0,0,7,0,0,1,0,0,1,1,0,1,0,0,0,0,2,0,1,-1,-1,-1,-1,0,10,-1,1,1,3,-1,-1,-1,0,0,1,0,0,10,0,0,0,3.86
1,0,0,0,-1,0,1,3,0,0,0,0,-1,3,1,-1,0,-1,2,2,1,3,0,-1,200,0,9223372036800000000,1e+75,0,10,0,0,7,0,0,1,0,0,1,1,0,0,0,0,0,0,2,0,1,-1,-1,-1,-1,0,10,-1,1,1,3,-1,-1,-1,0,0,1,0,0,10,0,0,0,3.86
1,0,0,0,-1,0,1,3,0,0,0,0,-1,0,1,-1,0,-1,2,2,1,3,0,-1,200,0,9223372036800000000,1e+75,0,10,0,0,7,0,0,1,0,0,1,1,0,0,0,0,0,-1,2,0,1,-1,-1,-1,-1,0,10,-1,1,1,3,-1,-1,-1,0,0,1,0,0,10,0,0,0,8.42
1,0,0,0,-1,0,1,0,0,0,0,0,0,0,2,-1,-1,-1,2,-1,1,3,0,1,200,0,9223372036800000000,1e+75,0,10,0,0,10,0,0,1,20,0,2,1,0,0,20,0,2,0,2,0,1,-1,-1,-1,-1,-1,10,-1,1,1,3,-1,-1,2,0,0,1,0,0,10,0,0,0,9.26
1,0,0,0,-1,0,1,1,0,0,0,0,-1,0,2,0,0,-1,1,2,-1,3,0,-1,800,0,9223372036800000000,1e+75,0,10,0,0,7,0,0,1,0,0,3,1,0,0,100,0,0,0,2,0,1,-1,-1,-1,-1,0,10,-1,1,1,3,-1,-1,-1,0,0,1,0,0,10,0,0,0,10.2
1,0,0,0,-1,0,1,3,0,0,0,0,-1,0,1,-1,0,-1,2,2,1,3,0,-1,200,0,9223372036800000000,1e+75,0,10,0,0,7,0,0,1,0,0,1,1,0,0,100,0,0,0,2,0,1,-1,-1,-1,-1,0,10,-1,1,1,3,-1,-1,-1,0,0,1,0,0,10,0,0,0,4.5
1,0,0,0,-1,0,1,4,0,0,0,0,0,0,2,2,0,-1,-1,0,2,3,0,-1,100,0,9223372036800000000,1e+75,0,10,0,0,7,0,0,1,0,0,1,1,0,0,500,0,0,0,2,0,1,-1,-1,-1,-1,0,10,-1,1,1,3,-1,-1,-1,0,0,1,0,0,10,0,0,0,6.77
1,0,0,0,-1,0,1,4,0,0,0,0,0,0,2,2,0,-1,2,0,2,3,0,1,100,0,9223372036800000000,1e+75,0,10,0,0,7,0,0,1,0,0,1,1,0,0,1000,0,0,0,2,0,1,-1,-1,-1,-1,0,10,-1,1,1,3,-1,-1,-1,0,0,1,0,0,10,0,0,0,5.13
1,0,0,0,-1,0,1,0,0,0,0,0,0,0,-1,-1,-1,-1,2,-1,1,3,0,1,200,0,9223372036800000000,1e+75,0,10,0,0,10,0,0,1,500,0,2,1,0,0,20,0,2,0,2,0,1,-1,-1,-1,-1,-1,10,-1,1,1,3,-1,-1,2,0,0,1,0,0,10,0,0,0,9.72
1,0,0,0,-1,0,1,3,0,0,0,0,-1,0,2,0,2,2,-1,2,1,3,0,16,10,0,9223372036800000000,1e+75,0,10,0,0,2,0,0,1,20,0,0,1,0,0,20,0,1,0,2,0,1,-1,-1,-1,-1,1,10,-1,1,1,3,-1,-1,1,0,0,1,0,0,10,0,0,0,11.47
1,0,0,0,-1,0,1,3,0,0,0,0,-1,0,1,-1,0,-1,2,2,1,3,0,-1,200,0,9223372036800000000,1e+75,0,10,0,0,7,0,0,1,0,0,1,1,0,0,200,0,0,0,2,0,1,-1,-1,-1,-1,0,10,-1,1,1,3,-1,-1,-1,0,0,1,0,0,10,0,0,0,4.18
1,0,0,0,-1,0,1,3,0,0,0,0,3,0,-1,1,2,2,-1,0,0,3,0,-1,400,0,9223372036800000000,1e+75,0,10,0,0,7,0,0,1,0,0,1,1,0,0,0,0,0,0,2,0,1,-1,-1,-1,-1,0,10,-1,1,1,3,-1,-1,-1,0,0,1,0,0,10,0,0,0,4.2
1,0,0,0,-1,0,1,3,0,0,0,0,-1,0,1,-1,0,-1,2,2,1,3,0,-1,200,0,9223372036800000000,1e+75,0,10,0,0,4,0,0,1,0,0,1,1,0,0,0,0,0,0,2,0,1,-1,-1,-1,-1,0,10,-1,1,1,3,-1,-1,-1,0,0,1,0,0,10,0,0,0,3.87
1,0,0,0,-1,0,1,3,0,0,0,0,-1,0,1,-1,0,-1,2,2,1,3,0,1,200,0,9223372036800000000,1e+75,0,10,0,0,7,0,0,1,0,0,1,1,0,0,0,0,0,0,2,0,1,-1,-1,-1,-1,0,10,-1,1,1,3,-1,-1,-1,0,0,1,0,0,10,0,0,0,3.51
1,0,0,0,-1,0,1,3,0,0,0,0,2,0,1,-1,0,-1,2,2,1,3,0,1,200,0,9223372036800000000,1e+75,0,10,0,0,7,0,0,1,0,0,1,1,0,0,0,0,0,0,2,0,1,-1,-1,-1,-1,0,10,-1,1,1,3,-1,-1,-1,0,0,1,0,0,10,0,0,0,3.5
1,0,0,0,-1,0,1,3,0,0,0,0,1,0,1,-1,0,-1,2,2,1,3,0,16,200,0,9223372036800000000,1e+75,0,10,0,0,7,0,0,1,0,0,1,1,0,0,0,0,0,0,2,0,1,-1,-1,-1,-1,0,10,-1,1,1,3,-1,-1,-1,0,0,1,0,0,10,0,0,0,4.7
1,0,0,0,-1,0,1,3,0,0,0,0,3,0,1,-1,0,-1,2,2,1,3,0,1,200,0,9223372036800000000,1e+75,0,10,0,0,7,0,0,1,0,0,1,1,0,0,0,0,0,0,2,0,1,-1,-1,-1,-1,0,10,-1,1,1,3,-1,-1,-1,0,0,1,0,0,10,0,0,0,3.5
1,0,0,0,-1,0,1,2,0,0,0,0,-1,0,-1,2,0,2,1,2,0,3,0,-1,800,0,9223372036800000000,1e+75,0,10,0,0,7,0,0,1,0,0,1,1,0,0,0,0,0,0,2,0,1,-1,-1,-1,-1,0,10,-1,1,1,3,-1,-1,-1,0,0,1,0,0,10,0,0,0,4.48
1,0,0,0,-1,0,1,0,0,0,0,0,-1,0,0,-1,-1,2,1,-1,2,3,0,1,400,0,9223372036800000000,1e+75,0,10,0,0,10,0,0,1,0,0,2,1,0,0,1000,0,0,0,2,0,1,-1,-1,-1,-1,0,10,-1,1,1,3,-1,-1,-1,0,0,1,0,0,10,0,0,0,9.67
1,0,0,0,-1,0,1,3,0,0,0,0,2,0,2,0,2,2,-1,2,-1,3,0,16,10,0,9223372036800000000,1e+75,0,10,0,0,2,0,0,1,100,0,0,1,0,0,20,0,1,0,2,0,1,-1,-1,-1,-1,1,10,-1,1,1,3,-1,-1,1,0,0,1,0,0,10,0,0,0,10.13
1,0,0,0,-1,0,1,3,0,0,0,0,1,0,1,-1,0,-1,2,2,1,3,0,2,200,0,9223372036800000000,1e+75,0,10,0,0,7,0,0,1,0,0,1,1,0,0,0,0,0,0,2,0,1,-1,-1,-1,-1,0,10,-1,1,1,3,-1,-1,-1,0,0,1,0,0,10,0,0,0,3.92
1,0,0,0,-1,0,1,0,0,0,0,0,3,0,0,-1,-1,2,1,-1,2,3,0,1,400,0,9223372036800000000,1e+75,0,10,0,0,10,0,0,1,0,0,2,1,0,0,20,0,0,0,2,0,1,-1,-1,-1,-1,0,10,-1,1,1,3,-1,-1,-1,0,0,1,0,0,10,0,0,0,9.3
1,0,0,0,-1,0,1,1,0,0,0,0,-1,0,2,0,0,-1,1,2,-1,3,0,-1,800,0,9223372036800000000,1e+75,0,10,0,0,7,0,0,1,0,0,3,1,0,0,60,0,0,0,2,0,1,-1,-1,-1,-1,0,10,-1,1,1,3,-1,-1,-1,0,0,1,0,0,10,0,0,0,11.34
1,0,0,0,-1,0,1,0,0,0,0,0,-1,0,0,-1,-1,2,1,-1,2,3,0,1,400,0,9223372036800000000,1e+75,0,10,0,0,10,0,0,1,0,0,0,1,0,0,0,0,0,0,2,0,1,-1,-1,-1,-1,0,10,-1,1,1,3,-1,-1,-1,0,0,1,0,0,10,0,0,0,11.57
1,0,0,0,-1,0,1,1,0,0,0,0,-1,0,2,0,0,-1,1,2,-1,3,0,-1,800,0,9223372036800000000,1e+75,0,10,0,0,7,0,0,1,0,0,3,1,0,0,-1,0,0,0,2,0,1,-1,-1,-1,-1,0,10,-1,1,1,3,-1,-1,-1,0,0,1,0,0,10,0,0,0,11.36
1,0,0,0,-1,0,1,1,0,0,0,0,-1,0,2,0,0,-1,1,2,-1,3,0,-1,800,0,9223372036800000000,1e+75,0,10,0,0,7,0,0,1,0,0,1,1,0,0,1000,0,0,0,2,0,1,-1,-1,-1,-1,0,10,-1,1,1,3,-1,-1,-1,0,0,1,0,0,10,0,0,0,10.2
1,0,0,0,-1,0,1,1,0,0,0,0,1,0,2,0,0,-1,1,2,-1,3,0,-1,800,0,9223372036800000000,1e+75,0,10,0,0,7,0,0,1,0,0,1,1,0,0,500,0,0,0,2,0,1,-1,-1,-1,-1,0,10,-1,1,1,3,-1,-1,-1,0,0,1,0,0,10,0,0,0,9.77
1,0,0,0,-1,0,1,1,0,0,0,0,-1,0,2,0,1,-1,1,2,-1,3,0,-1,800,0,9223372036800000000,1e+75,0,10,0,0,7,0,0,1,0,0,1,1,0,0,500,0,0,0,2,0,1,-1,-1,-1,-1,0,10,-1,1,1,3,-1,-1,-1,0,0,1,0,0,10,0,0,0,9.77
1,0,0,0,-1,0,1,3,0,0,0,0,2,0,-1,2,0,1,2,-1,0,3,0,-1,150,0,9223372036800000000,1e+75,0,10,0,0,5,0,0,1,0,0,2,1,0,0,0,0,3,0,2,0,1,-1,-1,-1,-1,0,10,-1,1,1,3,-1,-1,4,0,0,1,0,0,10,0,0,0,11.26
1,0,0,0,-1,0,1,1,0,0,0,0,-1,0,2,0,0,-1,1,2,-1,3,0,-1,800,0,9223372036800000000,1e+75,0,10,0,0,7,0,0,1,0,0,2,1,0,0,500,0,0,0,2,0,1,-1,-1,-1,-1,0,10,-1,1,1,3,-1,-1,-1,0,0,1,0,0,10,0,0,0,9.77
1,0,0,0,-1,0,1,0,0,0,0,0,-1,0,0,-1,-1,2,1,-1,2,3,0,1,50,0,9223372036800000000,1e+75,0,10,0,0,10,0,0,1,0,0,0,1,0,0,0,0,0,0,2,0,1,-1,-1,-1,-1,0,10,-1,1,1,3,-1,-1,-1,0,0,1,0,0,10,0,0,0,11.69
1,0,0,0,-1,0,1,2,0,0,0,0,1,0,3,2,2,1,-1,1,2,3,0,-1,400,0,9223372036800000000,1e+75,0,10,0,0,7,0,0,1,0,0,1,1,0,0,0,0,0,0,2,0,1,-1,-1,-1,-1,0,10,-1,1,1,3,-1,-1,-1,0,0,1,0,0,10,0,0,0,4.08
1,0,0,0,-1,0,1,0,0,0,0,0,-1,0,0,-1,-1,2,1,-1,2,3,0,1,150,0,9223372036800000000,1e+75,0,10,0,0,10,0,0,1,0,0,0,1,0,0,0,0,0,0,2,0,1,-1,-1,-1,-1,0,10,-1,1,1,3,-1,-1,-1,0,0,1,0,0,10,0,0,0,11.69
1,0,0,0,-1,0,1,3,0,0,0,0,2,0,-1,2,-1,1,2,-1,0,3,0,-1,150,0,9223372036800000000,1e+75,0,10,0,0,5,0,0,1,40,0,2,1,0,0,0,0,5,0,2,0,1,-1,-1,-1,-1,0,10,-1,1,1,3,-1,-1,4,0,0,1,0,0,10,0,0,0,12.48
1,0,0,0,-1,0,1,0,0,0,0,0,-1,0,0,-1,-1,2,1,1,2,3,0,1,400,0,9223372036800000000,1e+75,0,10,0,0,10,0,0,1,0,0,0,1,0,0,0,0,0,0,2,0,1,-1,-1,-1,-1,0,10,-1,1,1,3,-1,-1,-1,0,0,1,0,0,10,0,0,0,11.57
1,0,0,0,-1,0,1,0,0,0,0,0,-1,0,0,-1,-1,2,1,-1,2,3,0,1,400,0,9223372036800000000,1e+75,0,10,0,0,10,0,0,1,0,0,0,1,0,0,20,0,0,0,2,0,1,-1,-1,-1,-1,0,10,-1,1,1,3,-1,-1,-1,0,0,1,0,0,10,0,0,0,10.2
1,0,0,0,-1,0,1,0,0,0,0,0,0,0,-1,-1,-1,-1,2,-1,1,3,0,8,200,0,9223372036800000000,1e+75,0,10,0,0,10,0,0,1,20,0,2,1,0,0,20,0,2,0,2,0,1,-1,-1,-1,-1,-1,10,-1,1,1,3,-1,-1,2,0,0,1,0,0,10,0,0,0,9.91
1,0,0,0,-1,0,1,2,0,0,0,0,3,0,-1,1,-1,-1,2,2,2,3,0,16,50,0,9223372036800000000,1e+75,0,10,0,0,7,0,0,1,0,0,0,1,0,0,0,0,0,0,2,0,1,-1,-1,-1,-1,0,10,-1,1,1,3,-1,-1,-1,0,0,1,0,0,10,0,0,0,10.51
1,0,0,0,-1,0,1,0,0,0,0,0,-1,0,0,-1,-1,2,1,1,2,3,0,1,400,0,9223372036800000000,1e+75,0,10,0,0,10,0,0,1,0,0,0,1,0,0,20,0,0,0,2,0,1,-1,-1,-1,-1,0,10,-1,1,1,3,-1,-1,-1,0,0,1,0,0,10,0,0,0,10.2
1,0,0,0,-1,0,1,0,0,0,0,0,-1,0,0,0,0,0,0,0,0,3,0,-1,200,0,9223372036800000000,1e+75,0,10,0,0,7,0,0,1,0,0,1,1,0,0,0,0,0,0,2,0,1,-1,-1,-1,-1,0,10,-1,1,1,3,-1,-1,-1,0,0,1,0,0,10,0,0,0,6.3
1,0,0,0,-1,0,1,0,0,0,0,0,-1,0,0,-1,-1,2,1,-1,2,3,0,2,400,0,9223372036800000000,1e+75,0,10,0,0,10,0,0,1,0,0,2,1,0,0,20,0,0,0,2,0,1,-1,-1,-1,-1,0,10,-1,1,1,3,-1,-1,-1,0,0,1,0,0,10,0,0,0,9.9
1,0,0,0,-1,0,1,1,0,0,0,0,2,0,0,-1,2,2,-1,2,2,3,0,4,150,0,9223372036800000000,1e+75,0,10,0,0,5,0,0,1,0,0,1,1,0,0,40,0,3,0,2,0,1,-1,-1,-1,-1,-1,10,-1,1,1,3,-1,-1,3,0,0,1,0,0,10,0,0,0,10.35
1,0,0,0,-1,0,1,2,0,0,0,0,-1,0,0,2,-1,2,1,0,0,3,0,-1,800,0,9223372036800000000,1e+75,0,10,0,0,7,0,0,1,0,0,1,1,0,0,0,0,0,0,2,0,1,-1,-1,-1,-1,0,10,-1,1,1,3,-1,-1,-1,0,0,1,0,0,10,0,0,0,3.93
1,0,0,0,-1,0,1,0,0,0,0,0,0,0,2,2,0,-1,2,0,2,3,0,-1,100,0,9223372036800000000,1e+75,0,10,0,0,7,0,0,1,0,0,1,1,0,0,500,0,0,0,2,0,1,-1,-1,-1,-1,0,10,-1,1,1,3,-1,-1,-1,0,0,1,0,0,10,0,0,0,5.56
1,0,0,0,-1,0,1,0,0,0,0,0,2,0,2,-1,0,1,1,0,-1,3,0,2,800,0,9223372036800000000,1e+75,0,10,0,0,30,0,0,1,0,0,0,1,0,0,40,0,0,0,2,0,1,-1,-1,-1,-1,0,10,-1,1,1,3,-1,-1,-1,0,0,1,0,0,10,0,0,0,11.4
1,0,0,0,-1,0,1,4,0,0,0,0,0,0,2,2,0,-1,2,1,2,3,0,-1,100,0,9223372036800000000,1e+75,0,10,0,0,7,0,0,1,0,0,1,1,0,0,500,0,0,0,2,0,1,-1,-1,-1,-1,0,10,-1,1,1,3,-1,-1,-1,0,0,1,0,0,10,0,0,0,6.26
1,0,0,0,-1,0,1,4,0,0,0,0,0,0,1,2,0,-1,2,0,2,3,0,-1,100,0,9223372036800000000,1e+75,0,10,0,0,7,0,0,1,0,0,1,1,0,0,500,0,0,0,2,0,1,-1,-1,-1,-1,0,10,-1,1,1,3,-1,-1,-1,0,0,1,0,0,10,0,0,0,5.45
1,0,0,0,-1,0,1,4,0,0,0,0,0,0,2,2,0,-1,2,0,2,3,0,-1,100,0,9223372036800000000,1e+75,0,10,0,0,7,0,0,1,0,0,1,1,0,0,1000,0,0,0,2,0,1,-1,-1,-1,-1,0,10,-1,1,1,3,-1,-1,-1,0,0,1,0,0,10,0,0,0,5.15
1,0,0,0,-1,0,1,3,0,0,0,0,2,0,-1,2,0,1,2,-1,0,3,0,2,150,0,9223372036800000000,1e+75,0,10,0,0,5,0,0,1,40,0,2,1,0,0,-1,0,3,0,2,0,1,-1,-1,-1,-1,0,10,-1,1,1,3,-1,-1,4,0,0,1,0,0,10,0,0,0,12.54
1,0,0,0,-1,0,1,4,0,0,0,0,0,0,2,2,0,-1,2,0,0,3,0,1,100,0,9223372036800000000,1e+75,0,10,0,0,7,0,0,1,0,0,1,1,0,0,1000,0,0,0,2,0,1,-1,-1,-1,-1,0,10,-1,1,1,3,-1,-1,-1,0,0,1,0,0,10,0,0,0,5.15
1,0,0,0,-1,0,1,3,0,0,0,0,1,0,0,0,-1,1,1,-1,0,3,0,-1,800,0,9223372036800000000,1e+75,0,10,0,0,5,0,0,1,1000,0,1,1,0,0,0,0,0,0,2,0,1,-1,-1,-1,-1,-1,10,-1,1,1,3,-1,-1,4,0,0,1,0,0,10,0,0,0,4.38
1,0,0,0,-1,0,1,2,0,0,0,0,3,0,-1,1,0,1,2,2,2,3,0,8,50,0,9223372036800000000,1e+75,0,10,0,0,7,0,0,1,0,0,0,1,0,0,0,0,0,0,2,0,1,-1,-1,-1,-1,0,10,-1,1,1,3,-1,-1,-1,0,0,1,0,0,10,0,0,0,11.53
1,0,0,0,-1,0,1,0,0,0,0,0,0,0,0,-1,0,0,0,0,0,3,0,-1,200,0,9223372036800000000,1e+75,0,10,0,0,7,0,0,1,0,0,1,1,0,0,0,0,0,0,2,0,1,-1,-1,-1,-1,0,10,-1,1,1,3,-1,-1,-1,0,0,1,0,0,10,0,0,0,5.77
1,0,0,0,-1,0,1,3,0,0,0,0,3,0,-1,1,2,2,-1,0,2,3,0,-1,50,0,9223372036800000000,1e+75,0,10,0,0,7,0,0,1,0,0,1,1,0,0,0,0,0,0,2,0,1,-1,-1,-1,-1,0,10,-1,1,1,3,-1,-1,-1,0,0,1,0,0,10,0,0,0,4.2
1,0,0,0,-1,0,1,2,0,0,0,0,3,0,-1,1,-1,-1,2,2,2,3,0,8,50,0,9223372036800000000,1e+75,0,10,0,0,7,0,0,1,0,0,0,1,0,0,0,0,0,0,2,0,1,-1,-1,-1,-1,0,10,-1,1,1,3,-1,-1,-1,0,0,1,0,0,10,0,0,0,10.51
1,0,0,0,-1,0,1,2,0,0,0,0,3,0,-1,2,-1,-1,2,2,2,3,0,8,50,0,9223372036800000000,1e+75,0,10,0,0,7,0,0,1,0,0,0,1,0,0,0,0,0,0,2,0,1,-1,-1,-1,-1,0,10,-1,1,1,3,-1,-1,-1,0,0,1,0,0,10,0,0,0,11.76
1,0,0,0,-1,0,1,3,0,0,0,0,-1,0,1,-1,0,-1,2,2,1,3,0,-1,200,0,9223372036800000000,1e+75,0,10,0,0,7,0,0,1,0,0,1,1,0,0,0,0,0,0,2,0,1,-1,-1,-1,-1,0,10,-1,1,1,3,-1,-1,-1,0,0,1,0,0,10,0,0,0,3.86
1,0,0,0,-1,0,1,2,0,0,0,0,3,0,-1,1,-1,-1,2,1,2,3,0,8,50,0,9223372036800000000,1e+75,0,10,0,0,7,0,0,1,0,0,0,1,0,0,0,0,0,0,2,0,1,-1,-1,-1,-1,0,10,-1,1,1,3,-1,-1,-1,0,0,1,0,0,10,0,0,0,10.56
1,0,0,0,-1,0,1,2,0,0,0,0,3,0,2,1,2,0,1,-1,-1,3,0,-1,200,0,9223372036800000000,1e+75,0,10,0,0,7,0,0,1,0,0,1,1,0,0,0,0,0,0,2,0,1,-1,-1,-1,-1,0,10,-1,1,1,3,-1,-1,-1,0,0,1,0,0,10,0,0,0,4.13
1,0,0,0,-1,0,1,2,0,0,0,0,3,0,-1,1,-1,-1,2,2,0,3,0,8,50,0,9223372036800000000,1e+75,0,10,0,0,7,0,0,1,0,0,0,1,0,0,0,0,0,0,2,0,1,-1,-1,-1,-1,0,10,-1,1,1,3,-1,-1,-1,0,0,1,0,0,10,0,0,0,10.51
1,0,0,0,-1,0,1,2,0,0,0,0,3,0,-1,1,-1,-1,2,2,2,3,0,8,50,0,9223372036800000000,1e+75,0,10,0,0,7,0,0,1,0,0,0,1,0,0,500,0,0,0,2,0,1,-1,-1,-1,-1,0,10,-1,1,1,3,-1,-1,-1,0,0,1,0,0,10,0,0,0,11.72
1,0,0,0,-1,0,1,1,0,0,0,0,2,0,0,-1,2,2,-1,2,2,3,0,4,150,0,9223372036800000000,1e+75,0,10,0,0,5,0,0,1,1000,0,1,1,0,0,40,0,3,0,2,0,1,-1,-1,-1,-1,-1,10,-1,1,1,3,-1,-1,3,0,0,1,0,0,10,0,0,0,10.71
1,0,0,0,-1,0,1,3,0,0,0,0,0,0,0,0,2,2,1,1,2,3,0,4,10,0,9223372036800000000,1e+75,0,10,0,0,4,0,0,1,0,0,3,1,0,0,100,0,0,0,2,0,1,-1,-1,-1,-1,0,10,-1,1,1,3,-1,-1,-1,0,0,1,0,0,10,0,0,0,11.24
1,0,0,0,-1,0,1,3,0,0,0,0,0,0,0,0,2,2,1,1,2,3,0,4,400,0,9223372036800000000,1e+75,0,10,0,0,4,0,0,1,0,0,3,1,0,0,100,0,0,0,2,0,1,-1,-1,-1,-1,0,10,-1,1,1,3,-1,-1,-1,0,0,1,0,0,10,0,0,0,8.78
1,0,0,0,-1,0,1,3,0,0,0,0,0,0,0,0,2,2,1,1,2,3,0,4,800,0,9223372036800000000,1e+75,0,10,0,0,4,0,0,1,0,0,3,1,0,0,100,0,0,0,2,0,1,-1,-1,-1,-1,0,10,-1,1,1,3,-1,-1,-1,0,0,1,0,0,10,0,0,0,8.78
1,0,0,0,-1,0,1,3,0,0,0,0,0,0,0,0,2,2,1,-1,2,3,0,4,400,0,9223372036800000000,1e+75,0,10,0,0,4,0,0,1,0,0,3,1,0,0,100,0,0,0,2,0,1,-1,-1,-1,-1,0,10,-1,1,1,3,-1,-1,-1,0,0,1,0,0,10,0,0,0,10.15
1,0,0,0,-1,0,1,4,0,0,0,0,0,0,2,2,1,-1,2,0,2,3,0,-1,100,0,9223372036800000000,1e+75,0,10,0,0,7,0,0,1,0,0,1,1,0,0,500,0,0,0,2,0,1,-1,-1,-1,-1,0,10,-1,1,1,3,-1,-1,-1,0,0,1,0,0,10,0,0,0,5.45
1,0,0,0,-1,0,1,3,0,0,0,0,0,0,0,0,2,2,1,1,2,3,0,4,400,0,9223372036800000000,1e+75,0,10,0,0,4,0,0,1,0,0,3,1,0,0,60,0,0,0,2,0,1,-1,-1,-1,-1,0,10,-1,1,1,3,-1,-1,-1,0,0,1,0,0,10,0,0,0,9.01
1,0,0,0,-1,0,1,3,0,0,0,0,0,0,0,0,2,2,1,1,-1,3,0,4,400,0,9223372036800000000,1e+75,0,10,0,0,4,0,0,1,0,0,3,1,0,0,100,0,0,0,2,0,1,-1,-1,-1,-1,0,10,-1,1,1,3,-1,-1,-1,0,0,1,0,0,10,0,0,0,8.78
1,0,0,0,-1,0,1,0,0,0,0,0,-1,0,1,-1,0,-1,2,1,0,3,0,-1,100,0,9223372036800000000,1e+75,0,10,0,0,7,0,0,1,0,0,1,1,0,0,0,0,0,0,2,0,1,-1,-1,-1,-1,0,10,-1,1,1,3,-1,-1,-1,0,0,1,0,0,10,0,0,0,5.73
1,0,0,0,-1,0,1,3,0,0,0,0,0,0,0,0,2,2,1,1,2,3,0,4,400,0,9223372036800000000,1e+75,0,10,0,0,4,0,0,1,0,0,0,1,0,0,100,0,0,0,2,0,1,-1,-1,-1,-1,0,10,-1,1,1,3,-1,-1,-1,0,0,1,0,0,10,0,0,0,10.85
1,0,0,0,-1,0,1,3,0,0,0,0,1,0,1,-1,0,0,2,2,1,1,0,1,25,0,9223372036800000000,1e+75,0,10,0,0,7,0,0,1,0,0,1,1,0,0,-1,0,0,0,2,0,1,-1,-1,-1,-1,1,10,-1,1,1,3,-1,-1,-1,0,0,1,0,0,10,0,0,0,3.09
1,0,0,0,-1,0,1,3,0,0,0,0,0,0,0,0,2,2,1,1,2,3,0,4,400,0,9223372036800000000,1e+75,0,10,0,0,4,0,0,1,0,0,3,1,0,0,0,0,0,0,2,0,1,-1,-1,-1,-1,0,10,-1,1,1,3,-1,-1,-1,0,0,1,0,0,10,0,0,0,10.57
1,0,0,0,-1,0,1,3,0,0,0,0,0,0,0,0,2,2,-1,1,2,3,0,4,400,0,9223372036800000000,1e+75,0,10,0,0,4,0,0,1,0,0,3,1,0,0,100,0,0,0,2,0,1,-1,-1,-1,-1,0,10,-1,1,1,3,-1,-1,-1,0,0,1,0,0,10,0,0,0,8.78
1,0,0,0,-1,0,1,2,0,0,0,0,1,0,2,2,2,2,2,-1,-1,3,0,-1,150,0,9223372036800000000,1e+75,0,10,0,0,7,0,0,1,0,0,1,1,0,0,0,0,0,0,2,0,1,-1,-1,-1,-1,0,10,-1,1,1,3,-1,-1,-1,0,0,1,0,0,10,0,0,0,4.05
1,0,0,0,-1,0,1,0,0,0,0,0,2,0,0,-1,0,1,1,0,-1,3,0,2,400,0,9223372036800000000,1e+75,0,10,0,0,30,0,0,1,0,0,0,1,0,0,40,0,0,0,2,0,1,-1,-1,-1,-1,0,10,-1,1,1,3,-1,-1,-1,0,0,1,0,0,10,0,0,0,11.4
1,0,0,0,-1,0,1,0,0,0,0,0,2,0,0,-1,0,1,1,0,-1,3,0,1,800,0,9223372036800000000,1e+75,0,10,0,0,30,0,0,1,0,0,0,1,0,0,40,0,0,0,2,0,1,-1,-1,-1,-1,0,10,-1,1,1,3,-1,-1,-1,0,0,1,0,0,10,0,0,0,11.24
1,0,0,0,-1,0,1,0,0,0,0,0,2,0,0,-1,0,1,1,-1,-1,3,0,1,800,0,9223372036800000000,1e+75,0,10,0,0,30,0,0,1,0,0,0,1,0,0,20,0,0,0,2,0,1,-1,-1,-1,-1,0,10,-1,1,1,3,-1,-1,-1,0,0,1,0,0,10,0,0,0,10.2
